tree
version=v4
num_class=1
num_tree_per_iteration=1
label_index=0
max_feature_idx=27
objective=binary sigmoid:1
feature_names=ma_spread_pct full_spread fast_slow_gap full_ratio_min48 spread_mean8 spread_mean24 spread_chg8 spread_chg24 spread_pos96 dense_run_len dense_frac48 ext_up close_vs_ema55 close_vs_ema200 order_score slow_slope_12 volume_ratio volume_z vol_ratio_mean8 atr_pct atr_pct_ratio96 pre_range48 pre_range168 drawdown24 ret_4 ret_12 ret_24 ret_48
feature_infos=[5.7736914140683314e-05:0.0044983695750603001] [0.00027208632998709998:0.0087987894771569992] [6.8234680503438313e-08:0.0055999932530467998] [1:1.7987761195348404] [0.0002097065312641:0.0078473663583799001] [0.00033009191251300003:0.0105045215914676] [-0.0073239647537830998:0.0039275131799554001] [-0.017956537359594901:0.0039581928273007003] [0:1] [0:218] [0:1] [-0.0029946198147264998:0.011984859447041] [-0.0029825582346724999:0.015939344990638801] [-0.0096961017373231005:0.019837512389939901] [3:4] [-0.0013544015982582:0.0012281683374053001] [0.50027914502657767:13.384693298854788] [-1.2054818653703054:8.9884330978637905] [0.25747662697472051:3.8057660770701713] [0.0015008613940496001:0.012340323065246401] [0.38506863697197141:2.1766626120586401] [0.0057669290196219001:0.047999999999999897] [0.0105313547151746:0.1099940863394441] [0:0.0119880923646311] [-0.0107620709714951:0.029183400267737501] [-0.0102643856920684:0.0274611398963731] [-0.0116353203697801:0.0356332274171582] [-0.027033015732328799:0.037998624484181599]
tree_sizes=1731 1756 1761 1777 1771 1765 1757 1764 1767 1742 1748 1769 1753 1771 1773 1756 1760 1757

Tree=0
num_leaves=15
num_cat=0
split_feature=13 19 12 24 5 24 8 6 18 18 22 0 18 16
split_gain=87.5188 42.039 24.6937 19.8688 10.8701 10.6275 9.51653 9.2341 10.2373 11.478 9.16975 12.6826 11.566 9.23385
threshold=-0.0014746655160552498 0.0047181614471492007 0.00078043515054090006 0.0018529233145605001 0.0014359739194162501 -0.0024935487783912 0.083646853748721009 -0.0013034888069977997 1.3322535005379212 0.78119010085452789 0.085622142560266068 0.0030497199229248006 0.87554346277472817 0.64089094035995964
decision_type=2 2 2 2 2 2 2 2 2 2 2 2 2 2
left_child=3 2 5 -1 6 -2 -4 8 9 -3 11 13 -13 -6
right_child=1 7 4 -5 10 -7 -8 -9 -10 -11 -12 12 -14 -15
leaf_value=-0.92782755162021224 -0.92997753465756472 -0.91161752035147603 -0.86805721233251043 -0.89235938317885877 -0.90822320263050482 -0.88946103594418047 -0.81766970915317638 -0.91041578324803385 -0.91607775076546794 -0.86886675750539555 -0.91586454227231195 -0.88276791409640265 -0.8480578959923214 -0.87664786562544184
leaf_weight=202.1706785261631 24.499298110604286 21.41115128993988 25.734556838870049 48.792719766497612 26.146309748291969 43.645808398723602 15.646610558032988 150.28981193900108 28.410950750112534 52.704372406005859 12.352587282657622 37.05776184797287 72.468512058258057 166.96580477058887
leaf_count=982 119 104 125 237 127 212 76 730 138 256 60 180 352 811
internal_value=-0.895783 -0.886436 -0.87684 -0.920946 -0.871577 -0.904313 -0.847615 -0.902561 -0.891016 -0.881265 -0.874867 -0.873132 -0.859579 -0.880966
internal_weight=928.297 677.334 424.517 250.963 356.372 68.1451 41.3812 252.816 102.526 74.1155 314.991 302.638 109.526 193.112
internal_count=4509 3290 2062 1219 1731 331 201 1228 498 360 1530 1470 532 938
is_linear=0
shrinkage=1


Tree=1
num_leaves=15
num_cat=0
split_feature=23 15 11 20 20 22 11 1 4 7 19 1 16 16
split_gain=84.4894 54.0919 23.1433 18.0226 16.1249 16.0516 15.5253 12.4153 12.065 10.5689 10.4456 10.0487 11.2768 19.2099
threshold=0.0040844019847850509 -0.00015055327436059996 -0.0015005921733484498 0.62845245600058375 0.95875841623690372 0.045316168211694562 0.00012257127778445001 0.0041728503287779507 0.0041521596201448503 -0.0074268249532823492 0.0044407276384488504 0.0081642175019750515 0.87337682667010441 0.57320679645098671
decision_type=2 2 2 2 2 2 2 2 2 2 2 2 2 2
left_child=3 6 -3 -1 9 7 -2 -6 -4 -5 -10 12 13 -11
right_child=1 2 8 4 5 -7 -8 -9 10 11 -12 -13 -14 -15
leaf_value=-0.022810238985524364 -0.041805462233095579 -0.021643095735521332 0.00399375211483405 -0.025711508333345262 0.0019920181131629993 -0.015245215835368095 -0.016843915578067106 0.044236384370329375 0.056720564728023018 -0.0072711228182116882 0.0092713370667231332 -0.013063146825676428 0.02802412359670935 0.070150926951760062
leaf_weight=22.48291152715683 119.31060269474983 78.893766984343529 209.4080915004015 7.2427169084548941 35.684270396828651 45.638731315732002 133.97710233926773 33.11388523876667 21.470395416021347 9.6415012180805189 24.951674714684486 10.69451819360256 140.92866159975529 41.762882813811302
leaf_count=109 587 386 1016 35 172 222 652 160 103 47 121 52 680 202
internal_value=0.000207023 -0.0113357 0.00186555 0.0197326 0.0227393 0.0075464 -0.0287202 0.0226675 0.00917127 0.0309329 0.0319501 0.0330697 0.0356892 0.0557679
internal_weight=935.202 588.012 334.724 347.19 324.707 114.437 253.288 68.7982 255.83 210.27 46.4221 203.028 192.333 51.4044
internal_count=4544 2865 1626 1679 1570 554 1239 332 1240 1016 224 981 929 249
is_linear=0
shrinkage=0.05


Tree=2
num_leaves=15
num_cat=0
split_feature=23 13 24 20 16 11 15 23 18 20 13 7 1 2
split_gain=75.0956 32.4892 17.6231 20.027 18.1293 13.399 18.9496 13.2959 12.5027 10.5264 9.71903 9.29186 9.2849 9.61341
threshold=0.0043555910695870009 -0.0036299425277369992 0.0082936732145397016 0.62845245600058375 0.58765037045033219 -0.0015005921733484498 1.420209950409035e-05 0.0026565539615878001 0.81053548747197268 0.8020643275544469 -0.0026474451199616496 -0.0043961590734898489 0.0027499887215285007 0.0042819085862385005
decision_type=2 2 2 2 2 2 2 2 2 2 2 2 2 2
left_child=2 -2 3 -1 9 -3 12 11 -8 -5 -9 -6 -7 -14
right_child=1 5 -4 4 7 6 8 10 -10 -11 -12 -13 13 -15
leaf_value=-0.02114336314780936 -0.036693547532365471 -0.025201783028173233 -0.0022698653545030452 0.031993072584561369 0.0030447158843144688 0.0071133401830907016 -0.0086745307455556014 -0.015272353495715055 0.017797354344959493 -0.038385638492773731 0.024031563144145965 0.045111221609467372 -0.025364467029541451 0.0099650619410234995
leaf_weight=22.897980868816376 104.43896336853504 73.692221596837044 89.772199138998985 7.005472585558894 14.800518274307249 41.252038761973381 67.148899123072624 18.460291132330894 129.015490218997 15.231207132339476 86.347117587924004 126.59092931449413 118.14088779687881 22.407361134886742
leaf_count=112 522 364 433 34 71 201 325 90 622 74 413 603 579 110
internal_value=1.15681e-05 -0.0116976 0.017083 0.0230338 0.0268667 -0.00584933 -0.00201962 0.0307678 0.00873774 -0.0157908 0.0170298 0.0407601 -0.0136112 -0.0197013
internal_weight=937.202 556.096 381.106 291.334 268.436 451.657 377.965 246.199 196.164 22.2367 104.807 141.391 181.8 140.548
internal_count=4553 2723 1830 1397 1285 2201 1837 1177 947 108 503 674 890 689
is_linear=0
shrinkage=0.05


Tree=3
num_leaves=15
num_cat=0
split_feature=13 19 24 23 22 23 27 23 6 27 25 7 4 24
split_gain=64.1245 29.7325 20.5093 20.2642 13.1769 12.9058 13.1323 11.0544 13.1062 10.7624 12.6602 8.52193 8.21852 8.23615
threshold=-0.0015145510940608499 0.0047181614471492007 -0.0035926601190124498 0.0031691858101289502 0.08621656907738566 0.0027117096947987004 -0.0062413324641505492 0.00080371131503435009 -0.0013034888069977997 0.0021877279832948505 0.011663111646384302 -0.00094098171666089992 0.0017508640105385002 -0.00081164125729334981
decision_type=2 2 2 2 2 2 2 2 2 2 2 2 2 2
left_child=3 2 -2 11 5 -4 -7 -3 12 10 -10 -1 -9 -14
right_child=1 7 4 -5 -6 6 -8 8 9 -11 -12 -13 13 -15
leaf_value=-0.0069238792873719873 -0.031623714916172302 0.034925435644969541 0.030153599153825261 -0.028444453293066826 -0.033279278037340439 -0.037873228777000244 0.014217267785860056 0.042278056389119467 -0.01010607755638461 -0.028067764024360061 0.062068223803721782 0.043802270222652033 -0.03504952516892227 0.0059183264365053273
leaf_weight=20.390329331159592 21.853694185614586 13.868169113993643 151.71518030762672 215.78212578594685 11.697017282247542 11.801327377557753 237.35814152657986 11.578925892710684 34.33792045712471 99.475486487150192 6.3390828222036353 12.685750991106032 13.754480734467505 71.821416318416595
leaf_count=98 108 67 714 1085 57 57 1140 56 168 487 31 61 67 348
internal_value=-0.00118451 0.00670961 0.0146147 -0.0228725 0.0171345 0.0186846 0.0116085 -0.00696655 -0.00955099 -0.0192822 0.00236092 0.0132457 0.00454034 -0.000995157
internal_weight=934.459 685.601 434.425 248.858 412.572 400.875 249.159 251.175 237.307 140.152 40.677 33.0761 97.1548 85.5759
internal_count=4544 3300 2076 1244 1968 1911 1197 1224 1157 686 199 159 471 415
is_linear=0
shrinkage=0.05


Tree=4
num_leaves=15
num_cat=0
split_feature=13 19 11 23 0 5 15 12 15 24 13 20 19 26
split_gain=62.7345 30.272 26.6866 24.8567 15.3839 9.91852 10.3654 13.1645 8.45157 13.2186 8.33145 8.10753 8.0989 9.4126
threshold=-0.0014746655160552498 0.0047181614471492007 -0.00070453999676354997 0.0028461906992756007 0.0030497199229248006 0.0014359739194162501 -0.00013033758055474998 0.0019257201938697502 -0.00014031498128089996 -0.00081164125729334981 -0.0041110977334009495 0.64033848150874695 0.0039223873987580512 0.0033914024975476007
decision_type=2 2 2 2 2 2 2 2 2 2 2 2 2 2
left_child=3 2 -2 10 5 6 -4 -8 -3 -10 -1 -5 13 -6
right_child=1 8 4 11 12 -7 7 -9 9 -11 -12 -13 -14 -15
leaf_value=-0.021619776275569325 -0.010727777651873478 -0.016200992087152418 0.067873683816841432 -0.059239302154802248 0.0036719977758132975 0.0099966265185396086 0.04173740217282549 -0.01625568474708787 -0.026073075987221424 0.010125715358655881 0.037190789189883382 -0.024155897259843261 0.020496271926963846 0.059370580305602078
leaf_weight=7.5043889135122326 78.349819585680962 112.14882245659828 15.118725344538687 17.629090368747711 9.1634003669023496 210.56001773476601 24.217202350497246 15.286425754427908 31.468615129590034 112.02468472719193 21.254471853375435 202.49312777817249 40.37296099960804 47.227860078215599
leaf_count=36 383 552 70 90 43 1000 114 71 155 543 101 1029 191 220
internal_value=-1.74468e-05 0.0076891 0.0156223 -0.0215116 0.0213401 0.0150148 0.0338316 0.019449 -0.00598196 0.00206168 0.0216338 -0.0272208 0.0383436 0.0505414
internal_weight=944.82 695.939 440.296 248.881 361.947 265.182 54.6224 39.5036 255.642 143.493 28.7589 220.122 96.7642 56.3913
internal_count=4598 3342 2092 1256 1709 1255 255 185 1250 698 137 1119 454 263
is_linear=0
shrinkage=0.05


Tree=5
num_leaves=15
num_cat=0
split_feature=23 15 11 20 20 1 22 18 7 0 1 24 18 13
split_gain=63.5054 29.4807 22.7657 17.1953 20.7757 16.6478 14.1477 12.9819 12.0391 11.5556 11.4391 13.9422 9.67693 9.2915
threshold=0.0040844019847850509 -6.670433027156085e-05 -0.0015005921733484498 0.93790269623860012 0.62845245600058375 0.0026069026004666004 0.054259531626939313 1.0454458356404528 -0.0076533031821253488 0.0019814277278918002 0.0055382362259488007 -0.00066056279275589983 1.6999684438909617 -0.0037003554693578497
decision_type=2 2 2 2 2 2 2 2 2 2 2 2 2 2
left_child=3 5 -3 4 -1 7 -5 -2 -6 -4 -7 -12 13 -10
right_child=1 2 9 6 8 10 -8 -9 12 -11 11 -13 -14 -15
leaf_value=-0.020134193463416893 0.043745653028792818 -0.023830587661218559 -0.0028973687422481458 0.012091780125188942 -0.033881218011896974 -0.036667842817415489 -0.025105749687137753 -0.024070903261455823 -0.004846833748758831 0.019221068709847713 -0.03433435208139695 4.7224565709011428e-05 -0.019750883639128788 0.037281027740319772
leaf_weight=22.328861951828003 15.448375403881075 70.885295853018761 116.16649678349495 95.440159022808075 6.3855173736810675 123.10599111020565 33.787991002202034 11.504359886050223 13.868591651320456 118.62286899983883 50.828289836645126 68.394769996404648 8.0360090434551221 181.25370833277702
leaf_count=109 76 359 559 450 31 624 165 57 68 568 265 346 38 844
internal_value=0.000485845 -0.00982995 0.000804553 0.0168928 0.0250099 -0.02186 0.00224801 0.0149736 0.0298933 0.00831168 -0.0260015 -0.0147743 0.0320539 0.0342773
internal_weight=936.057 574.956 305.675 361.101 231.873 269.282 129.228 26.9527 209.544 234.789 242.329 119.223 203.158 195.122
internal_count=4559 2854 1486 1705 1090 1368 615 133 981 1127 1235 611 950 912
is_linear=0
shrinkage=0.05


Tree=6
num_leaves=15
num_cat=0
split_feature=13 19 23 7 8 22 25 5 23 19 23 20 2 1
split_gain=52.3577 27.1295 20.0886 19.1327 11.9494 10.6633 12.2768 15.1449 11.708 10.5904 9.87002 8.78203 8.40332 11.4848
threshold=-0.0015145510940608499 0.004369709489826101 0.0031691858101289502 -0.0047034453509641984 0.067558237638405516 0.056339716553938858 0.0085240991852276512 0.0029762418487270003 0.005583135194864251 0.0024680180143256004 0.00080371131503435009 0.72850883907397879 0.0036189903788922504 0.0023112923119826506
decision_type=2 2 2 2 2 2 2 2 2 2 2 2 2 2
left_child=2 3 -1 -2 9 8 -7 -8 -6 -5 -3 -11 13 -4
right_child=1 10 12 4 5 6 7 -9 -10 11 -12 -13 -14 -15
leaf_value=0.017135190847142875 -0.013453716677724339 0.029995750865946736 0.0044871585206948872 0.034543976468780137 0.028977308786618285 0.064750305670581446 0.054036256866338117 -0.043767885709485504 -0.0013114857719346931 -0.029188990019508768 -0.0052484952838418629 0.0078504405053223571 -0.013311181866578609 -0.040323268563217274
leaf_weight=32.347219154238701 45.23025606572628 20.306585505604744 16.503139391541481 27.623427614569664 133.93316596746445 33.412101060152054 7.4029805958271009 6.507739931344986 41.6750378459692 19.527399629354477 293.99948361515999 71.61149001121521 91.213652923703194 97.62563756108284
leaf_count=153 217 96 85 129 618 157 34 30 201 93 1438 341 473 511
internal_value=0.00115087 0.00802608 -0.019081 0.0168728 0.0209147 0.0277215 0.048707 0.0084146 0.0218225 0.00801275 -0.00288354 -0.000316282 -0.0248414 -0.0338609
internal_weight=938.919 701.23 237.69 386.924 341.693 222.931 47.3228 13.9107 175.608 118.762 314.306 91.1389 205.342 114.129
internal_count=4576 3354 1222 1820 1603 1040 221 64 819 563 1534 434 1069 596
is_linear=0
shrinkage=0.05


Tree=7
num_leaves=15
num_cat=0
split_feature=24 23 13 15 26 1 24 18 23 7 20 26 1 7
split_gain=47.8952 19.4592 16.8301 14.9677 16.8383 16.0586 14.698 14.2224 13.8595 13.4936 11.5235 12.166 9.54982 9.3425
threshold=-0.00077149255097294991 0.0026565539615878001 -0.0031458735730597498 -6.670433027156085e-05 0.0070437951836807506 0.0026069026004666004 0.0066721639366861011 1.0139075906348691 0.0059111337123385005 -0.006132845924398749 0.72850883907397879 -0.0017591441195872499 0.006924160101259901 -0.0021707027501972997
decision_type=2 2 2 2 2 2 2 2 2 2 2 2 2 2
left_child=2 6 -1 5 10 7 9 -3 -4 -2 11 -5 -12 -6
right_child=1 3 8 4 13 -7 -8 -9 -10 -11 12 -13 -14 -15
leaf_value=-0.035792101452343884 -0.036538289961951013 0.063029656536747483 0.010490350628421935 -0.028012005455561269 0.014027912807463792 -0.013453875292286525 0.0020606849313954318 -0.010970107261482114 -0.018924816311509926 0.031575394627163876 -0.0088147433410740786 0.046182970473019169 0.035895811148868043 0.054362874234788729
leaf_weight=88.54783895611763 6.856782227754592 12.877603828907015 59.273466631770134 6.4507099539041546 32.641218051314354 193.21016521751881 85.34568290412426 11.724307209253309 119.17531192302704 139.56045545637608 124.41838791966438 22.861526966094971 12.21278493106365 26.058621317148209
leaf_count=473 33 61 286 31 156 970 402 56 600 637 592 108 58 123
internal_value=-0.00020253 0.00689597 -0.0180865 0.000737784 0.0097718 -0.00858164 0.0185988 0.0287132 -0.00915028 0.0281594 0.00156963 0.0294695 -0.00458651 0.0325445
internal_weight=941.215 674.218 266.997 442.455 224.643 217.812 231.763 24.6019 178.449 146.417 165.943 29.3122 136.631 58.6998
internal_count=4586 3227 1359 2155 1068 1087 1072 117 886 670 789 139 650 279
is_linear=0
shrinkage=0.05


Tree=8
num_leaves=15
num_cat=0
split_feature=23 15 24 20 24 16 23 26 2 22 4 24 25 26
split_gain=59.3858 28.2339 13.1217 13.0164 15.1418 13.7696 11.4539 10.2157 10.1661 13.362 9.15104 8.58298 10.989 14.4499
threshold=0.0040844019847850509 -0.00015055327436059996 -0.00089464426042399996 0.62845245600058375 0.0052226476208064509 0.58765037045033219 0.0080981475020401508 0.010157305561178951 0.0044639222228924002 0.076709375586566764 0.0039442937178632001 -0.00045569509855219998 -0.0051831145629858992 0.0073972925970268505
decision_type=2 2 2 2 2 2 2 2 2 2 2 2 2 2
left_child=3 2 -2 -1 5 -5 10 -6 -4 -10 -3 -8 -13 -14
right_child=1 6 8 4 7 -7 11 -9 9 -11 -12 12 13 -15
leaf_value=-0.020937198332435684 -0.036881495471610293 0.0029717283776846026 -0.020673042529009179 -0.014980636758935455 -0.0044473949380862488 0.032498622536514039 -0.022096555356284808 0.02183141316775826 -0.0084669637780235112 0.055876005713702853 0.030917688320348809 0.050911924593133234 -0.021245110557354289 0.033513576104253852
leaf_weight=20.654374018311501 91.742201283574104 166.74227805435658 106.2549174875021 16.142036095261574 83.322522178292274 175.90005166828632 74.898008748888969 65.107364922761917 29.45966799557209 10.010533124208449 34.60856269299984 8.9902262687683088 41.595504730939865 15.820689260959623
leaf_count=101 498 807 543 77 389 805 382 307 151 51 164 43 200 75
internal_value=0.00097249 -0.0089322 -0.0221432 0.0168644 0.0192122 0.0284508 0.000261108 0.00714851 -0.0126765 0.0088293 0.00790419 -0.0106089 0.0024834 -0.00584127
internal_weight=941.249 580.123 237.467 361.126 340.472 192.042 342.655 148.43 145.725 39.4702 201.351 141.304 66.4064 57.4162
internal_count=4593 2914 1243 1679 1578 882 1671 696 745 202 971 700 318 275
is_linear=0
shrinkage=0.05


Tree=9
num_leaves=15
num_cat=0
split_feature=13 23 16 24 23 1 23 0 21 16 5 18 8 19
split_gain=50.2088 17.9349 11.1667 12.2474 11.1614 9.59171 8.87219 8.41969 8.6166 9.7482 8.981 10.4521 8.93197 10.2737
threshold=-0.0025275248928700996 0.0040844019847850509 0.58486719778948471 0.0068516399877247012 0.00041960074472265004 0.0077012347378298505 0.0022518875366237001 0.0012517790409827003 0.028969022478836853 0.87337682667010441 0.0026893467751165508 0.8309713769302195 0.34905177988726638 0.0025367267451206501
decision_type=2 2 2 2 2 2 2 2 2 2 2 2 2 2
left_child=6 2 -2 7 -5 -6 -1 -4 9 -9 12 -12 13 -11
right_child=1 -3 3 4 5 -7 -8 8 -10 10 11 -13 -14 -15
leaf_value=0.017939004801350467 -0.024315024462528183 -0.0020458512428568206 0.0084932597139323694 0.039608624432299025 0.00013650017110868845 -0.05637929529539927 -0.027764750038325209 0.062689493009043737 0.0036272899280883359 0.01368788713986206 -0.035352276701892858 0.02336782623706822 -0.00050596552376224889 0.076834163007638595
leaf_weight=10.684571847319601 17.520777344703674 419.69685922563076 68.664085105061531 15.581503063440321 82.420842349529266 7.2593706697225562 164.37525735795498 25.973556503653526 25.253356724977493 9.9770961105823535 8.5639407783746702 36.41301354765892 8.5709935724735242 20.202959805727005
leaf_count=49 84 2062 310 72 390 35 885 117 117 45 39 165 38 91
internal_value=-0.000869668 0.0047919 0.0135635 0.0157836 0.00190567 -0.00500959 -0.0248892 0.0229135 0.030134 0.036148 0.0272717 0.0116614 0.0446409 0.0570674
internal_weight=921.158 746.098 326.401 308.881 105.262 89.6802 175.06 203.619 134.955 109.702 83.728 44.977 38.751 30.1801
internal_count=4499 3565 1503 1419 497 425 934 922 612 495 378 204 174 136
is_linear=0
shrinkage=0.05


Tree=10
num_leaves=15
num_cat=0
split_feature=23 13 1 20 3 16 2 23 1 1 16 10 19 6
split_gain=41.2061 27.0572 14.3018 10.9291 13.815 10.9787 10.7536 15.0337 10.4991 9.55679 9.24642 11.1934 10.4733 12.1018
threshold=0.0040844019847850509 -0.0022349583864996496 0.0081642175019750515 0.62845245600058375 1.040620981018354 0.58765037045033219 0.0037957027135657505 0.007185855218458651 0.0067204100457312005 0.0027499887215285007 0.87337682667010441 0.093749999999999958 0.0045536448612231509 -0.00076676808992159993
decision_type=2 2 2 2 2 2 2 2 2 2 2 2 2 2
left_child=2 6 3 -1 5 -5 9 8 -8 -2 -7 -12 13 -13
right_child=1 -3 -4 4 -6 10 7 -9 -10 -11 11 12 -14 -15
leaf_value=-0.019371649009181813 0.001312047137992039 -0.0013077764225694472 -0.029617081551120805 -0.022509981494730932 0.0065283327466710093 0.053286743883286559 0.04753124225127623 -0.032873389663534848 -0.0092500910193431315 -0.046202316107650139 0.063258237395246955 -0.010696769544558827 -0.0080984680842938507 0.034713753628939324
leaf_weight=20.005497664213181 12.500286146998404 414.38540859520435 17.323661133646965 9.8370007872581464 147.46987695991993 34.049339339137077 12.33254601061344 37.374016582965851 20.247405081987381 66.091866463422775 15.280342936515806 17.47301883995533 27.763602629303932 79.005288332700729
leaf_count=98 67 2035 83 48 676 153 67 205 109 372 71 80 133 355
internal_value=0.000611881 -0.00789037 0.0135967 0.0158083 0.0179873 0.0271155 -0.0261217 -0.0116176 0.0130188 -0.0387235 0.0300408 0.024029 0.0187377 0.0264642
internal_weight=931.139 562.932 368.208 350.884 330.878 183.409 148.546 69.954 32.58 78.5922 173.572 139.522 124.242 96.4783
internal_count=4552 2855 1697 1614 1516 840 820 381 176 439 792 639 568 435
is_linear=0
shrinkage=0.05


Tree=11
num_leaves=15
num_cat=0
split_feature=11 19 13 11 15 2 22 23 13 12 8 19 0 20
split_gain=34.8922 20.2767 15.5122 16.8941 10.5294 9.23371 8.20376 8.13491 8.10195 8.90808 9.72634 7.998 7.58939 9.09513
threshold=-0.00073310591513004993 0.0047181614471492007 -0.0015145510940608499 0.0017814026265601001 -0.00026777651820739996 0.0013901167358338501 0.058204145447300508 0.0059111337123385005 0.0089198503283172519 0.0022597448994037005 0.041295587593979201 0.0021421532589084003 0.0030497199229248006 0.91517305688778394
decision_type=2 2 2 2 2 2 2 2 2 2 2 2 2 2
left_child=5 2 3 -2 -3 6 7 11 9 -6 -11 -1 -4 -14
right_child=1 4 12 -5 8 -7 -8 -9 -10 10 -12 -13 13 -15
leaf_value=-0.025800573802185256 -0.019985506654186136 -0.016786634150129119 0.011386812709247292 0.02864856484059642 0.026034458568446123 -0.026248934927292522 0.018587769113436636 -0.028562763359892208 0.022680425040749342 -0.037970713787644758 -0.00078891962027863435 0.045012466985987876 0.017144885816449892 0.049110410394759857
leaf_weight=6.1408855617046347 66.306413739919662 119.45834311842918 266.92343880236149 23.343993633985519 19.49964913725853 129.25658632814884 25.261595621705055 35.258758559823036 38.035512834787369 22.760615080595016 67.879931136965752 8.2509517520666105 73.454498454928398 32.225253239274025
leaf_count=30 348 606 1231 110 96 699 132 184 182 111 329 40 330 146
internal_value=1.8447e-05 0.00513305 0.0114652 -0.00714539 -0.00580566 -0.0182018 -0.00415397 -0.0158632 0.00310031 -0.00380466 -0.010438 0.0150839 0.0159501 0.0272612
internal_weight=934.056 729.888 462.254 89.6504 267.634 204.169 74.9122 49.6506 148.176 110.14 90.6405 14.3918 372.603 105.68
internal_count=4574 3489 2165 458 1324 1085 386 254 718 536 440 70 1707 476
is_linear=0
shrinkage=0.05


Tree=12
num_leaves=15
num_cat=0
split_feature=13 20 19 25 13 27 10 0 12 12 17 16 16 4
split_gain=31.7364 14.161 11.9501 17.4413 11.6059 9.61392 12.2048 7.48117 8.16488 8.29273 7.02213 6.92895 18.0491 6.89981
threshold=-0.0036299425277369992 0.62845245600058375 0.0035853678483731507 0.0016465229675505001 -0.0018181316085693498 0.013094392539192151 0.53125000000000011 0.0018757884160549001 0.0019257201938697502 -0.0003140839795150499 4.2060078225983064 0.90310166789149882 0.71747713231865484 0.0011785194471980003
decision_type=2 2 2 2 2 2 2 2 2 2 2 2 2 2
left_child=-1 -2 3 4 -3 6 -6 8 9 -8 -4 12 13 -5
right_child=1 2 10 11 5 -7 7 -9 -10 -11 -12 -13 -14 -15
leaf_value=-0.024714852386462528 -0.026210611353066023 -0.031833001756824873 -0.00096635895118311855 -0.027525924796726577 -0.016617056783239693 0.053642265931765923 -0.020145331375551911 0.06112241790513967 -0.0271740301601406 0.03074596159000291 0.039416913222408645 0.017601876400510773 0.075877582553418199 0.028865757804754977
leaf_weight=116.54706151783466 38.318408668041229 22.299019932746887 489.31090532243252 7.1038466691970852 46.975939571857452 9.0146894156932813 9.572146147489546 7.3212807923555365 10.895916029810904 34.543712615966797 10.006451681256292 94.402620822191238 19.772567987442017 15.73825381696224
leaf_count=651 190 120 2386 33 223 42 48 34 49 159 48 424 88 73
internal_value=-0.000425207 0.00307312 0.00454919 0.0128447 0.000448495 0.00674799 0.0024294 0.0168191 0.00993695 0.0195019 -7.99012e-05 0.0254717 0.0421021 0.0109091
internal_weight=931.823 815.276 776.957 277.64 140.623 118.324 109.309 62.3331 55.0118 44.1159 499.317 137.017 42.6147 22.8421
internal_count=4568 3917 3727 1293 675 555 513 290 256 207 2434 618 194 106
is_linear=0
shrinkage=0.05


Tree=13
num_leaves=15
num_cat=0
split_feature=13 5 0 25 0 21 0 5 18 7 6 7 26 25
split_gain=26.8428 13.3515 13.116 10.22 11.3187 9.30875 10.0544 10.2906 9.78528 8.91411 8.67512 11.0241 15.1245 8.44284
threshold=-0.0037003554693578497 0.0017749675057125002 0.0043723710441438005 0.00040428821336095004 0.0012517790409827003 0.022120848463018702 0.0025250312768225502 0.0023914861323593504 1.1428389143502271 0.0015244173933001003 -0.00054001478684189991 0.00029564615259085005 0.0040932498875440506 -0.0021268510313243996
decision_type=2 2 2 2 2 2 2 2 2 2 2 2 2 2
left_child=-1 -2 3 4 -3 6 8 -8 -5 10 11 12 13 -6
right_child=1 2 -4 5 9 -7 7 -9 -10 -11 -12 -13 -14 -15
leaf_value=-0.023930406468153545 0.015698560628541126 -0.034023657256391712 0.030765643033873132 0.015998121246139873 -0.025516519718935551 -0.0028802602202051639 -0.017855399094859489 0.042272893942265174 -0.016228002500432215 0.04367691807357265 -0.035016909402283705 -0.039652927709781828 0.032683652576682959 0.0088326714900163455
leaf_weight=107.20346015691757 155.57518729567528 42.953189760446548 30.910274878144264 58.578079000115395 35.967529311776161 304.88465256989002 8.1147464364767057 37.909851387143135 37.987500354647636 7.8445378541946402 23.697371080517769 15.966226443648337 30.514915764331818 33.916702747344971
leaf_count=608 730 214 146 274 181 1481 37 173 178 38 118 79 148 167
internal_value=-0.000514121 0.00255463 -0.000519719 -0.00208041 -0.0117355 0.00205475 0.0125533 0.0315172 0.00328444 -0.0050779 -0.0080988 -0.00236537 0.00389695 -0.0089565
internal_weight=932.024 824.821 669.246 638.335 190.86 447.475 142.59 46.0246 96.5656 147.907 140.063 116.365 100.399 69.8842
internal_count=4572 3964 3234 3088 945 2143 662 210 452 731 693 575 496 348
is_linear=0
shrinkage=0.05


Tree=14
num_leaves=15
num_cat=0
split_feature=11 19 20 20 15 21 13 20 10 6 7 6 15 2
split_gain=32.8968 14.2055 12.4209 12.3087 10.0264 9.65286 13.272 8.85972 12.2817 11.1595 9.57919 9.53229 8.41217 7.73191
threshold=-0.00084593738688264989 0.0047181614471492007 0.71437468251585423 0.62845245600058375 0.00058028192476925009 0.010636213916301202 -0.0036299425277369992 0.65975142477854487 0.093749999999999958 -0.0013460757774727498 -0.0037614481521326495 -0.00055941410143824988 -6.2537874769841287e-06 0.00043223512516945005
decision_type=2 2 2 2 2 2 2 2 2 2 2 2 2 2
left_child=12 3 -3 -2 -4 -5 -7 -8 9 -9 -11 -10 -1 -13
right_child=1 2 4 5 -6 6 7 8 11 10 -12 13 -14 -15
leaf_value=-0.029987867559417902 -0.021064314492395222 -0.057815938671542416 -0.0054550543926092992 0.039415133437700617 0.028331282695327916 -0.018542638712021435 0.053276104727338083 0.0672004322927615 -0.0012434090665710243 -0.027544906057279613 0.040121242449759453 -0.011286505168247427 -0.0085744814434930757 0.019554494301676911
leaf_weight=88.121809810400009 29.375814884901047 9.5094854831695539 238.31645940244198 28.823145598173141 23.182679682970047 36.55055059492588 12.038026466965674 16.754760265350342 149.78396755456924 8.2056189328432101 11.264384955167769 22.573606938123703 96.836613461375237 161.10241486132145
leaf_count=513 148 48 1187 128 110 197 55 76 703 38 51 101 495 731
internal_value=-6.1681e-05 0.00461454 -0.00451447 0.00980553 -0.00236328 0.0118763 0.00988909 0.0126528 0.0111898 0.0384589 0.0116509 0.00812139 -0.0188831 0.0157236
internal_weight=932.439 747.481 271.009 476.472 261.499 447.096 418.273 381.723 369.685 36.2248 19.47 333.46 184.958 183.676
internal_count=4581 3573 1345 2228 1297 2080 1952 1755 1700 165 89 1535 1008 832
is_linear=0
shrinkage=0.05


Tree=15
num_leaves=15
num_cat=0
split_feature=23 15 19 20 1 1 7 20 12 7 18 11 8 20
split_gain=23.4298 22.9518 13.9006 13.3633 8.86485 9.61347 9.56767 9.40165 8.4442 14.1434 8.13582 8.05197 11.6812 9.54486
threshold=0.0040844019847850509 -0.00014031498128089996 0.0067328628675483006 0.62845245600058375 0.0040596363842435009 0.0081642175019750515 -0.0025750100013866993 0.95875841623690372 0.0064496672921048005 -0.0038137054064300495 1.1880905778710724 0.00026345702519400008 0.0141307479651734 1.1475171662489001
decision_type=2 2 2 2 2 2 2 2 2 2 2 2 2 2
left_child=2 11 3 -1 7 6 8 10 -6 -10 -5 -2 -13 -14
right_child=1 -3 -4 4 5 -7 -8 -9 9 -11 -12 12 13 -15
leaf_value=-0.028000820476041379 -0.029688832151180063 0.0010520145854767638 -0.039994468026321763 0.0036935419089707436 -0.0092792694886206922 -0.020361331269290468 0.031223160183299965 -0.013634349309964506 0.05690740220662014 -0.01729454420933858 0.035235163709505912 0.027275256041292703 -0.025160198566049438 0.0094455458364537878
leaf_weight=20.18046247959137 104.60787700116634 331.73394294083118 13.112021684646605 72.394274279475212 34.767291814088821 12.945916965603827 119.38948048651218 50.207666009664536 15.30751007795334 9.9746579080820066 27.646083831787109 16.530220612883568 81.112595453858376 25.719747006893158
leaf_count=102 619 1628 65 321 160 62 538 229 71 46 122 86 420 133
internal_value=-0.000869817 -0.00734929 0.00877119 0.0106387 0.0129893 0.0200704 0.0230841 0.00384964 0.00665562 0.0280881 0.0126725 -0.0195258 -0.0107383 -0.0168186
internal_weight=935.63 559.704 375.925 362.813 342.633 192.385 179.439 150.248 60.0495 25.2822 100.04 227.97 123.363 106.832
internal_count=4602 2886 1716 1651 1549 877 815 672 277 117 443 1258 639 553
is_linear=0
shrinkage=0.05


Tree=16
num_leaves=15
num_cat=0
split_feature=11 23 21 6 17 25 2 21 6 17 19 3 16 16
split_gain=35.8853 15.7864 15.7962 21.1088 20.0592 10.755 9.99872 9.28871 9.03369 7.30458 10.418 7.26529 6.95146 7.12821
threshold=-0.00084593738688264989 0.0026565539615878001 0.015832704146009253 -0.00099191316253459979 3.0671892788406865 0.00057736797541180012 0.00098743504316930021 0.035441960110243705 -0.0025605910054035497 -0.72884972034131068 0.0043097083099626005 1.2038864705755674 0.62815170322503722 0.94680579150124655
decision_type=2 2 2 2 2 2 2 2 2 2 2 2 2 2
left_child=12 7 5 6 9 -3 8 -2 -4 10 -5 -7 -1 -14
right_child=1 2 3 4 -6 11 -8 -9 -10 -11 -12 -13 13 -15
leaf_value=0.003755506948160368 0.017873788095441167 0.00064422246457095881 -0.0020483550850894116 0.056031509529357343 0.056987378935223931 0.026536059143248327 0.001150499530598305 -0.019243457632053266 0.040772387538428746 -0.019622646206139321 -0.028485355297870309 0.080467301416459955 -0.036907408872296696 -0.015080695698716895
leaf_weight=26.383383944630623 222.70698454976082 30.076763734221458 18.654221996665001 6.9822092503309232 8.5058082044124586 25.680375397205353 156.32694889605045 17.422326669096947 34.734773576259613 207.12386964261532 5.8601991683244705 8.1614739894866926 62.568022966384888 97.19921463727951
leaf_count=146 994 144 89 34 41 121 772 83 166 1032 31 37 346 539
internal_value=-0.00033104 0.00459685 -0.000452073 -0.00385405 -0.014339 0.02257 0.00758242 0.0151121 0.0260482 -0.0173425 0.0181934 0.0414786 -0.0198995 -0.0238049
internal_weight=928.387 742.236 502.107 438.188 228.472 63.9186 209.716 240.129 53.389 219.966 12.8424 33.8418 186.151 159.767
internal_count=4575 3544 2467 2165 1138 302 1027 1077 255 1097 65 158 1031 885
is_linear=0
shrinkage=0.05


Tree=17
num_leaves=15
num_cat=0
split_feature=11 21 23 0 18 27 20 17 7 20 17 19 4 19
split_gain=24.8997 13.7812 11.619 7.57548 7.56135 7.10356 7.05775 6.61962 6.47888 6.23438 6.1467 7.67542 6.04184 11.5313
threshold=-0.00084593738688264989 0.021169409603657204 0.00085055717029020007 0.0037952572146125007 0.89761031332152796 0.022730242060004253 0.87581187023043516 3.4751436839533079 -0.0013070304513099998 0.61649726553168149 3.0671892788406865 0.0048655585805492509 0.0037883999732222008 0.0043287818288370002
decision_type=2 2 2 2 2 2 2 2 2 2 2 2 2 2
left_child=9 3 -3 10 -5 7 -7 12 -9 -1 11 -2 -4 -14
right_child=1 2 5 4 -6 6 -8 8 -10 -11 -12 -13 13 -15
leaf_value=-0.048696201367652812 0.014317589940524287 0.024970036081778585 -0.0082254486274991895 0.0005517265119279705 0.065212606985830007 -0.0082983770594534084 0.051538325250097376 0.05877515454853937 -0.0064625698382465707 -0.012870106634165358 -0.026225245980606788 -0.035750153239636033 0.039798531401713175 -0.0053817812849844314
leaf_weight=12.280453264713286 249.3285653591156 40.345016717910767 326.06118673086166 6.8698387742042568 12.322307422757147 8.1311454176902789 10.62749771773815 7.1019357740879059 6.8398979753255826 171.25175389647484 9.579639330506323 6.9656590670347205 19.255906850099564 46.011510848999023
leaf_count=71 1152 181 1608 30 54 40 52 33 32 952 43 35 89 225
internal_value=0.000937628 0.00498284 -0.000334514 0.0136157 0.0432408 -0.00279525 0.0264941 -0.00421283 0.0284789 -0.0155182 0.0113232 0.0128232 -0.00544716 0.00834723
internal_weight=932.972 749.44 464.374 285.066 19.1921 424.029 18.7586 405.27 13.9418 183.532 265.874 256.294 391.329 65.2674
internal_count=4597 3574 2260 1314 84 2079 92 1987 65 1023 1230 1187 1922 314
is_linear=0
shrinkage=0.05


end of trees

feature_importances:
drawdown24=24
atr_pct_ratio96=21
close_vs_ema200=17
atr_pct=17
full_spread=14
spread_chg24=13
volume_ratio=13
ret_4=13
ext_up=11
slow_slope_12=11
vol_ratio_mean8=11
ma_spread_pct=10
spread_chg8=8
fast_slow_gap=7
pre_range168=7
ret_12=7
spread_mean24=6
close_vs_ema55=6
pre_range48=6
ret_24=6
spread_mean8=5
spread_pos96=5
volume_z=5
ret_48=4
dense_frac48=3
full_ratio_min48=2

parameters:
[boosting: gbdt]
[objective: binary]
[metric: binary_logloss]
[tree_learner: serial]
[device_type: cpu]
[data_sample_strategy: bagging]
[data: ]
[valid: ]
[num_iterations: 600]
[learning_rate: 0.05]
[num_leaves: 15]
[num_threads: 0]
[seed: 42]
[deterministic: 0]
[force_col_wise: 0]
[force_row_wise: 0]
[histogram_pool_size: -1]
[max_depth: -1]
[min_data_in_leaf: 30]
[min_sum_hessian_in_leaf: 0.001]
[bagging_fraction: 0.8]
[pos_bagging_fraction: 1]
[neg_bagging_fraction: 1]
[bagging_freq: 1]
[bagging_seed: 400]
[bagging_by_query: 0]
[feature_fraction: 0.8]
[feature_fraction_bynode: 1]
[feature_fraction_seed: 30056]
[extra_trees: 0]
[extra_seed: 12879]
[early_stopping_round: 0]
[early_stopping_min_delta: 0]
[first_metric_only: 0]
[max_delta_step: 0]
[lambda_l1: 0]
[lambda_l2: 1]
[linear_lambda: 0]
[min_gain_to_split: 0]
[drop_rate: 0.1]
[max_drop: 50]
[skip_drop: 0.5]
[xgboost_dart_mode: 0]
[uniform_drop: 0]
[drop_seed: 17869]
[top_rate: 0.2]
[other_rate: 0.1]
[min_data_per_group: 100]
[max_cat_threshold: 32]
[cat_l2: 10]
[cat_smooth: 10]
[max_cat_to_onehot: 4]
[top_k: 20]
[monotone_constraints: ]
[monotone_constraints_method: basic]
[monotone_penalty: 0]
[feature_contri: ]
[forcedsplits_filename: ]
[refit_decay_rate: 0.9]
[cegb_tradeoff: 1]
[cegb_penalty_split: 0]
[cegb_penalty_feature_lazy: ]
[cegb_penalty_feature_coupled: ]
[path_smooth: 0]
[interaction_constraints: ]
[verbosity: -1]
[saved_feature_importance_type: 0]
[use_quantized_grad: 0]
[num_grad_quant_bins: 4]
[quant_train_renew_leaf: 0]
[stochastic_rounding: 1]
[linear_tree: 0]
[max_bin: 255]
[max_bin_by_feature: ]
[min_data_in_bin: 3]
[bin_construct_sample_cnt: 200000]
[data_random_seed: 175]
[is_enable_sparse: 1]
[enable_bundle: 1]
[use_missing: 1]
[zero_as_missing: 0]
[feature_pre_filter: 1]
[pre_partition: 0]
[two_round: 0]
[header: 0]
[label_column: ]
[weight_column: ]
[group_column: ]
[ignore_column: ]
[categorical_feature: ]
[forcedbins_filename: ]
[precise_float_parser: 0]
[parser_config_file: ]
[objective_seed: 16083]
[num_class: 1]
[is_unbalance: 0]
[scale_pos_weight: 1]
[sigmoid: 1]
[boost_from_average: 1]
[reg_sqrt: 0]
[alpha: 0.9]
[fair_c: 1]
[poisson_max_delta_step: 0.7]
[tweedie_variance_power: 1.5]
[lambdarank_truncation_level: 30]
[lambdarank_norm: 1]
[label_gain: ]
[lambdarank_position_bias_regularization: 0]
[eval_at: ]
[multi_error_top_k: 1]
[auc_mu_weights: ]
[num_machines: 1]
[local_listen_port: 12400]
[time_out: 120]
[machine_list_filename: ]
[machines: ]
[gpu_platform_id: -1]
[gpu_device_id: -1]
[gpu_use_dp: 0]
[num_gpu: 1]

end of parameters

pandas_categorical:[]
