tree
version=v4
num_class=1
num_tree_per_iteration=1
label_index=0
max_feature_idx=27
objective=binary sigmoid:1
feature_names=ma_spread_pct full_spread fast_slow_gap full_ratio_min48 spread_mean8 spread_mean24 spread_chg8 spread_chg24 spread_pos96 dense_run_len dense_frac48 ext_up close_vs_ema55 close_vs_ema200 order_score slow_slope_12 volume_ratio volume_z vol_ratio_mean8 atr_pct atr_pct_ratio96 pre_range48 pre_range168 drawdown24 ret_4 ret_12 ret_24 ret_48
feature_infos=[5.7736914140683314e-05:0.0044983695750603001] [0.00027208632998709998:0.0087987894771569992] [3.8107598716420497e-08:0.0055999932530467998] [1:1.7987761195348404] [0.0002097065312641:0.0078473663583799001] [0.00030481727323490002:0.0105045215914676] [-0.0073239647537830998:0.0039275131799554001] [-0.017956537359594901:0.0039581928273007003] [0:1] [0:218] [0:1] [-0.0029946198147264998:0.011984859447041] [-0.0029825582346724999:0.015939344990638801] [-0.0096961017373231005:0.019837512389939901] [3:4] [-0.0013544015982582:0.0012281683374053001] [0.50027914502657767:13.384693298854788] [-1.2054818653703054:8.9884330978637905] [0.25747662697472051:5.920506717000932] [0.0015008613940496001:0.012340323065246401] [0.38506863697197141:2.1766626120586401] [0.0057669290196219001:0.047999999999999897] [0.0105313547151746:0.1099940863394441] [0:0.0119880923646311] [-0.0107620709714951:0.029183400267737501] [-0.0102643856920684:0.0274611398963731] [-0.0116353203697801:0.0356332274171582] [-0.027033015732328799:0.037998624484181599]
tree_sizes=1747 1764 1761 1753 1758 1771 1763 1765 1760 1764 1771 1774 1771 1767 1767 1763 1756 1760 1760 1772 1758 1774 1778 1759 1757 1767 1767 1760 1773 1752 1769 1760 1771 1767 1753 1758 1778 1755

Tree=0
num_leaves=15
num_cat=0
split_feature=13 24 12 19 22 12 4 18 27 27 16 20 12 12
split_gain=132.826 37.5081 32.4089 25.2119 16.9736 16.2225 15.0854 13.9913 12.8224 11.9708 10.6892 9.98945 10.8515 8.87597
threshold=-0.0012056597122511498 -0.0014708449943733996 0.0029604448031376506 0.003953498483761201 0.063218076800779857 0.00096343344544410009 0.0013247847067456001 1.6369191392401377 0.014575126897285202 0.020409168796577701 0.66820129638788872 1.1325322918950815 0.010619726031874402 0.0016276293075592001
decision_type=2 2 2 2 2 2 2 2 2 2 2 2 2 2
left_child=2 -2 6 5 -4 -3 13 11 -9 -7 -8 12 -5 -1
right_child=1 3 4 7 -6 9 10 8 -10 -11 -12 -13 -14 -15
leaf_value=-0.15071014561609924 -0.14188625345166087 -0.13456261435915864 -0.10528638217708178 -0.11779439204150143 -0.15125334157435988 -0.095425986089085341 -0.14613719460090702 -0.12898020576289462 -0.18426877938410943 -0.15505064920499292 -0.17569399468511893 -0.099223624432111274 -0.1504302172024245 -0.10748227074120753
leaf_weight=70.464292094111443 125.49117743968964 32.368756085634232 45.067268088459969 271.89755111932755 34.609669968485832 259.94601041078568 40.834430754184723 36.850583851337433 13.694473728537558 7.9676938056945792 146.90435454249382 64.488521739840508 27.139957025647163 13.445483297109602
leaf_count=283 504 130 181 1092 139 1044 164 148 55 32 590 259 109 54
internal_value=-0.12756 -0.116761 -0.153331 -0.112332 -0.125303 -0.101324 -0.161529 -0.120359 -0.144775 -0.0972959 -0.169399 -0.116925 -0.120824 -0.143632
internal_weight=1191.17 839.845 351.325 714.354 79.6769 300.282 271.649 414.071 50.5451 267.914 187.739 363.526 299.038 83.9098
internal_count=4784 3373 1411 2869 320 1206 1091 1663 203 1076 754 1460 1201 337
is_linear=0
shrinkage=1


Tree=1
num_leaves=15
num_cat=0
split_feature=11 23 13 11 21 0 13 1 16 4 4 19 18 14
split_gain=142.071 42.1449 34.5854 21.1798 17.2028 14.7574 10.5217 12.9108 10.479 10.2653 14.3881 15.3849 9.80396 9.65121
threshold=-0.00052315993313094983 0.0034617102888323003 -0.0012409087380443498 -0.0016864373445859497 0.024579666890599552 0.0031004403408455001 -0.0014119752250439999 0.0076504926998187004 0.64418993464598839 0.0019655104551570507 0.0039654450656088506 0.0071089928981799009 0.87457381915523957 3.5000000000000004
decision_type=2 2 2 2 2 2 2 2 2 2 2 2 2 2
left_child=3 4 -3 12 5 8 7 -5 -2 -4 -11 -12 -1 -8
right_child=1 2 9 6 -6 -7 13 -9 -10 10 11 -13 -14 -15
leaf_value=-0.025050060879507952 -0.0093887220198856959 -0.022766767579606322 0.019287094700267668 -0.034427989876525913 0.010264686498671937 0.058783223961967834 -0.013403001394920462 0.022543347206772084 0.03055815037350015 -0.0042422384276561715 0.033678291053019498 -0.035969071374293372 -0.052324021496796061 0.021896110704190553
leaf_weight=60.131430923938751 17.692102938890457 103.92905682325363 159.21460044384003 77.989742293953896 127.52420078217983 45.123629510402679 66.702580779790878 10.676904425024984 171.49090473353863 179.10721908509731 52.811865940690041 8.4557479470968229 81.967776969075203 26.138326451182365
leaf_count=242 71 418 639 314 512 181 268 43 688 719 212 34 330 105
internal_value=0.00159115 0.0121606 0.00279335 -0.0266229 0.0251524 0.0331772 -0.0151743 -0.0273928 0.0267927 0.00948151 0.00293369 0.0236427 -0.0410383 -0.0033375
internal_weight=1188.96 865.349 503.518 323.607 361.831 234.307 181.508 88.6666 189.183 399.589 240.375 61.2676 142.099 92.8409
internal_count=4776 3474 2022 1302 1452 940 730 357 759 1604 965 246 572 373
is_linear=0
shrinkage=0.05


Tree=2
num_leaves=15
num_cat=0
split_feature=11 23 13 13 11 5 18 8 21 2 7 2 26 7
split_gain=107.966 38.3448 26.4539 19.4947 17.4204 13.6598 11.8433 11.7623 13.8242 12.9734 11.6631 11.6 10.5907 10.6652
threshold=-0.00026580908085424999 0.0026109403702770507 -0.0012409087380443498 -0.0014119752250439999 0.0028877776365693005 0.0018739514509383502 1.6369191392401377 0.10262777026314876 0.024579666890599552 0.0007413457270731001 -0.0048527768827702497 0.0038855485315998505 0.0039004123095937506 -0.0048527768827702497
decision_type=2 2 2 2 2 2 2 2 2 2 2 2 2 2
left_child=3 4 -3 -1 -2 -4 -7 10 9 -9 -6 -12 -5 -14
right_child=1 2 5 12 7 6 -8 8 -10 -11 11 -13 13 -15
leaf_value=-0.033879200531276361 0.041212451967604369 -0.019772074101908271 0.02938176984608333 -0.018506609098296319 -0.044481636144820591 0.0068622433392849166 -0.021289353906774108 -0.0054474444343099865 0.0068747212758232396 0.054760230712978246 0.025056511467857642 -0.020723773919134176 -0.028683952693711101 0.022764303870381572
leaf_weight=196.31902265548706 99.331470504403114 112.75473585724831 59.367634132504463 124.05021239817142 11.718575283885 335.81021316349506 41.043490767478943 10.988385066390036 53.078483864665031 43.453513726592064 36.667033061385155 20.953073009848595 12.919897750020025 35.832471668720245
leaf_count=793 398 454 238 499 47 1347 165 44 213 174 147 84 52 144
internal_value=-0.000686506 0.00936797 0.0017105 -0.0231277 0.0245274 0.00729585 0.003748 0.0149774 0.0252557 0.042729 -0.00109313 0.00833936 -0.0107885 0.00882748
internal_weight=1194.29 825.167 548.976 369.122 276.191 436.221 376.854 176.859 107.52 54.4419 69.3387 57.6201 172.803 48.7524
internal_count=4799 3311 2204 1488 1107 1750 1512 709 431 218 278 231 695 196
is_linear=0
shrinkage=0.05


Tree=3
num_leaves=15
num_cat=0
split_feature=13 23 23 21 8 24 18 8 14 3 1 16 5 18
split_gain=93.957 33.716 31.1509 16.9252 13.2269 11.7375 11.5821 10.7312 9.99716 9.93463 9.6383 9.13155 10.0491 8.62822
threshold=-0.0012056597122511498 0.0026109403702770507 0.0041366222508550507 0.028850610700438203 0.041319045570284207 -0.00067077616977554994 0.84725445545959277 0.10071818757867136 3.5000000000000004 1.1029423112900585 0.0070780547398851508 1.7786843334033235 0.0028946404096982007 0.82140896022258281
decision_type=2 2 2 2 2 2 2 2 2 2 2 2 2 2
left_child=1 4 3 -2 -1 8 13 9 -4 -5 -8 -7 -13 -3
right_child=2 6 5 7 -6 11 10 -9 -10 -11 -12 12 -14 -15
leaf_value=-0.02077551232359106 0.02519316407285694 -0.018879722245551754 -0.018784739042833086 -0.042196315451524698 0.045487647916898771 0.0098344118009862525 -0.041009879205155385 0.014223865199072254 0.0099016136216752669 0.012264226986541622 -0.014732951956748914 0.015806849445684407 -0.025817945160976491 0.027025569626576304
leaf_weight=10.229823142290114 292.35610154271126 111.33349873125553 111.98572567105293 20.917876347899437 23.21182456612587 257.79124511778355 145.85111580789089 51.104831531643867 40.816073998808861 12.956736192107199 47.795385554432869 21.439504057168961 40.576039209961891 10.386892408132551
leaf_count=41 1171 450 451 84 93 1034 591 205 164 52 193 86 163 42
internal_value=-0.000158613 -0.0219729 0.00880904 0.0195012 0.025203 0.000249127 -0.0270393 -0.000145999 -0.0111075 -0.0216113 -0.0346333 0.00569299 -0.0114053 -0.0147741
internal_weight=1198.75 348.809 849.944 377.336 33.4416 472.609 315.367 84.9794 152.802 33.8746 193.647 319.807 62.0155 121.72
internal_count=4820 1410 3410 1512 134 1898 1276 341 615 136 784 1283 249 492
is_linear=0
shrinkage=0.05


Tree=4
num_leaves=15
num_cat=0
split_feature=11 22 13 23 11 23 20 24 18 18 3 18 27 7
split_gain=101.098 25.6898 19.1828 16.1965 14.3245 13.8712 12.128 11.9366 11.8422 10.8183 9.59532 9.57476 9.63713 9.45852
threshold=-0.00026580908085424999 0.060162793560580657 1.0000000180025095e-35 0.0058112284651361005 -0.0016864373445859497 0.0034617102888323003 0.62806546313184053 0.017221322310030804 0.87457381915523957 0.91227496947006892 1.2149937829651041 1.4029460744676754 0.013600533754579451 -0.0013077781722836998
decision_type=2 2 2 2 2 2 2 2 2 2 2 2 2 2
left_child=4 2 5 7 8 6 -2 9 -1 13 -5 -4 -13 -3
right_child=1 3 11 10 -6 -7 -8 -9 -10 -11 -12 12 -14 -15
leaf_value=-0.017427361515236633 -0.038471450738144154 -0.02274304494530174 0.025077363248513614 -0.021273028725884185 -0.014697626497034121 -0.016231200598768206 0.025557870680848995 -0.041971331289594106 -0.046592033595237559 0.019877513473037203 0.01164331102809529 0.012584299210970543 -0.03623661757037016 0.018545520813287562
leaf_weight=60.743342638015747 7.7215199619531623 34.87466461956501 305.87513193488121 115.37924309074879 228.92371079325676 69.399889171123505 50.648384153842926 10.447073414921759 86.607531115412712 110.65804482996464 26.658918887376785 65.353430345654488 10.940492972731588 21.687170550227165
leaf_count=246 31 140 1225 464 925 280 203 42 353 444 107 262 44 87
internal_value=-0.00116596 0.00858364 0.0155396 -0.00252511 -0.0226285 -0.00122841 0.0165824 0.00752171 -0.0347678 0.0108449 -0.0150568 0.0211341 0.00520517 -0.00686486
internal_weight=1205.92 829.644 509.939 319.705 376.275 127.77 58.3699 177.667 147.351 167.22 142.038 382.169 76.2939 56.5618
internal_count=4853 3329 2045 1284 1524 514 234 713 599 671 571 1531 306 227
is_linear=0
shrinkage=0.05


Tree=5
num_leaves=15
num_cat=0
split_feature=11 23 15 11 5 13 18 25 0 7 1 14 5 15
split_gain=95.729 26.7387 23.3073 19.914 14.5711 12.3357 11.2506 10.8929 13.4529 10.6273 10.6084 11.5891 10.3741 10.2871
threshold=-0.00026580908085424999 0.0040521273694028009 -6.7388310460991794e-05 -0.0016864373445859497 0.0018739514509383502 -0.0014119752250439999 0.87457381915523957 0.0083107825705036019 0.0035917415115656005 -0.0025815070832923494 0.0026447509204877004 3.5000000000000004 0.0016638748228596501 -0.00058165485739254989
decision_type=2 2 2 2 2 2 2 2 2 2 2 2 2 2
left_child=3 9 4 6 -3 -5 -1 8 12 -2 -6 13 -4 -12
right_child=1 2 7 5 10 -7 -8 -9 -10 -11 11 -13 -14 -15
leaf_value=-0.018112049629802712 0.0071848130790808365 0.024471351204222346 0.040710318347506588 -0.024045896090545249 0.018511189501630717 -0.00048381887313257298 -0.047105351496300893 0.041355296792471921 0.03853663908044426 0.024471976647153452 -0.011807402144483723 -0.0039150960099795509 -0.0025255968542182324 -0.044634894121531071
leaf_weight=58.407526269555092 132.20590181648731 25.302903860807419 14.489907637238501 102.71434870362282 19.950976982712746 119.70502118766308 83.84051950275898 28.179049253463745 29.434849694371223 277.413703545928 43.335196852684021 71.256704404950142 132.19144521653652 54.844809755682945
leaf_count=237 530 102 58 418 80 482 344 113 118 1111 175 287 530 221
internal_value=0.000462142 0.00985609 0.000967339 -0.0208516 -0.0105128 -0.0114238 -0.0354101 0.0130241 0.00828308 0.0189236 -0.0152908 -0.0193562 0.0019922 -0.0304105
internal_weight=1193.27 828.605 418.986 364.667 214.691 222.419 142.248 204.295 176.116 409.62 189.388 169.437 146.681 98.18
internal_count=4806 3325 1684 1481 865 900 581 819 706 1641 763 683 588 396
is_linear=0
shrinkage=0.05


Tree=6
num_leaves=15
num_cat=0
split_feature=12 23 5 13 20 13 8 20 23 18 19 6 20 5
split_gain=71.2595 30.0386 15.805 14.8153 12.6303 12.2979 10.9883 11.5825 10.3968 10.3255 10.0578 10.0484 9.40069 9.42147
threshold=0.0011090183969486003 0.0060096756506317515 0.0018739514509383502 -0.0016725045246038497 0.57755844357606234 -0.0029644857124410495 0.10262777026314876 0.99060457548176106 0.0075688113643429004 0.77266585208027772 0.0044407276384488504 -0.0016315867983941498 1.1325322918950815 0.0017701594028492003
decision_type=2 2 2 2 2 2 2 2 2 2 2 2 2 2
left_child=5 4 -3 10 -2 8 7 -6 -1 -8 -4 -12 13 -7
right_child=1 2 3 -5 6 12 9 -9 -10 -11 11 -13 -14 -15
leaf_value=-0.017605700467314005 -0.031716259838445192 0.044779732686472382 -0.051657118656477201 -0.0014495878315410049 0.014081263024774627 0.0015117613053647655 0.0031527153596019523 -0.010774391554794189 -0.046879421181929448 0.026476080757427384 -0.044793017821015663 0.0094960421165464423 0.025883390769855248 -0.023667054201540739
leaf_weight=62.910274431109428 13.455956220626829 14.470094323158262 26.226118013262749 242.26550407707691 187.28399862349033 55.906786218285561 58.851079493761063 61.582919865846634 61.268432974815369 250.48716354370117 12.517580553889273 22.34858962893486 14.314935967326162 109.07944901287556
leaf_count=257 54 58 107 974 751 226 236 247 252 1004 51 91 58 443
internal_value=0.0006268 0.00776596 -0.00454817 -0.0070405 0.0146083 -0.0202546 0.0157797 0.00791215 -0.0323082 0.0220633 -0.0288312 -0.0107002 -0.0117738 -0.0151773
internal_weight=1192.97 889.489 317.828 303.358 571.661 303.48 558.205 248.867 124.179 309.338 61.0923 34.8662 179.301 164.986
internal_count=4809 3573 1281 1223 2292 1236 2238 998 509 1240 249 142 727 669
is_linear=0
shrinkage=0.05


Tree=7
num_leaves=15
num_cat=0
split_feature=13 23 2 23 21 23 12 25 16 23 20 20 0 18
split_gain=70.5045 30.4776 25.2223 14.5245 13.9978 12.4031 10.1379 12.0587 9.73928 8.31712 7.99564 7.87131 9.19001 9.82511
threshold=-0.0015537762563003499 0.0036259215871523006 0.0039233297694120511 0.0026505309982297006 0.025061513282228252 0.0080794479135496023 0.0114965640555719 0.011256692520794151 0.56932529746762106 0.0032229967888710502 0.67954539564538408 0.69156643211969782 0.00094211032418790007 1.0434469673453732
decision_type=2 2 2 2 2 2 2 2 2 2 2 2 2 2
left_child=2 4 11 -4 8 6 7 -3 -2 -10 -7 -1 13 -13
right_child=1 5 3 -5 -6 10 -8 -9 9 -11 -12 12 -14 -15
leaf_value=-0.05650279532752376 -0.024755035819567353 0.0037096791071675908 0.028526705619667171 -0.012454807271817026 0.0052708671765212796 -0.057479834122255137 -0.041094924518585055 0.035125391141157189 0.024564921001994467 0.055596540148366208 -0.0081988499660668162 0.011003597113680503 -0.036378755392804531 -0.037468551161138487
leaf_weight=30.407173067331314 8.244526654481886 311.81300090253353 25.706493243575096 112.88969156146049 124.31515049934387 7.6618641614913932 10.425517678260801 32.908470302820206 186.55468264222145 24.472599744796753 184.47715348005295 25.696030288934708 97.950574472546577 16.259261608123779
leaf_count=125 33 1253 103 460 498 31 42 132 747 98 744 105 403 67
internal_value=-5.44213e-05 0.00708453 -0.0205991 -0.00470375 0.0187329 -0.000249192 0.0052842 0.00680167 0.0263066 0.0284089 -0.0104514 -0.0334313 -0.0280515 -0.00821615
internal_weight=1199.78 890.873 308.909 138.596 343.587 547.286 355.147 344.721 219.272 211.027 192.139 170.313 139.906 41.9553
internal_count=4841 3578 1263 563 1376 2202 1427 1385 878 845 775 700 575 172
is_linear=0
shrinkage=0.05


Tree=8
num_leaves=15
num_cat=0
split_feature=23 13 2 24 26 24 8 26 16 9 18 7 17 15
split_gain=79.9704 48.2565 16.2793 13.5387 11.8013 11.722 10.9448 8.91007 10.498 14.0251 8.40905 10.3012 9.29678 8.34738
threshold=0.0044405216791989005 -0.0012409087380443498 0.0037493378797550003 -1.0000000180025095e-35 0.0027570362224834505 0.018962905709287554 0.069891149839958561 0.00080577981742430008 0.5802110328072706 20.500000000000004 1.3703972612321318 -0.0051474141590506488 -0.23937758427432224 0.00038432406764885002
decision_type=2 2 2 2 2 2 2 2 2 2 2 2 2 2
left_child=5 2 -2 -3 -5 6 10 -8 -9 -10 11 12 -1 -6
right_child=1 3 -4 4 13 -7 7 8 9 -11 -12 -13 -14 -15
leaf_value=-0.053099609176533849 -0.036710754920828891 -0.010646838609884352 -0.010958950087542486 0.019257166868467908 -0.0078128235779696409 -0.041912148675827841 -0.0019728190154784143 -0.011676853766804355 0.023632461215937591 0.0569747339750864 -0.018137051059991551 0.017740270735642199 0.012977837408355623 0.017810078594133711
leaf_weight=9.6964925825595873 156.3120231628418 171.43585875630379 102.51505702733994 116.4257700741291 126.04604168236256 7.4517861306667319 31.639465928077698 16.950054585933685 234.50699199736118 36.376975238323212 26.431494981050491 118.75251108407974 9.970049321651457 41.397292092442513
leaf_count=39 647 693 420 467 506 30 127 68 940 146 106 477 40 166
internal_value=0.00128152 -0.00939904 -0.0265925 0.00041179 0.00710431 0.0167789 0.0177664 0.0231569 0.0259165 0.0283031 0.00724329 0.0121851 -0.0205943 -0.00140991
internal_weight=1205.91 714.132 258.827 455.305 283.869 491.776 484.324 319.473 287.834 270.884 164.851 138.419 19.6665 167.443
internal_count=4872 2899 1067 1832 1139 1973 1943 1281 1154 1086 662 556 79 672
is_linear=0
shrinkage=0.05


Tree=9
num_leaves=15
num_cat=0
split_feature=23 13 12 21 27 8 16 27 1 6 15 8 17 18
split_gain=57.6141 43.526 13.1484 12.3387 12.9541 12.6194 10.091 9.68499 11.0634 11.5247 20.0543 10.134 8.65637 12.6376
threshold=0.0035334743179213503 -0.0012056597122511498 -0.00030061199555059991 0.024645365839776053 -0.0031545741324919495 0.069005029371089516 0.57652755489865237 -0.0088417762720754984 0.0026447509204877004 -0.00017644036251964997 -6.7388310460991794e-05 0.004568522472868001 2.9071966342130771 0.98201245551464467
decision_type=2 2 2 2 2 2 2 2 2 2 2 2 2 2
left_child=3 6 -3 4 -1 -6 -2 -4 11 10 -10 -9 13 -7
right_child=1 2 7 -5 5 12 -8 8 9 -11 -12 -13 -14 -15
leaf_value=0.066970004626857732 0.0043013096216620566 -0.026044538857447258 -0.035970485450983559 0.0038279238086314903 0.0031780252127901485 0.013359892547542402 -0.026863983544410476 -0.021973295896913398 -0.027110198486257703 0.01634576366132014 0.0032237496126734061 0.026501740277472083 -0.017214494868907713 0.044288829733299923
leaf_weight=14.702255368232725 28.676843121647835 41.23080886900425 14.4175429046154 134.04334865510464 77.057095095515251 58.302563697099686 250.80765315890312 11.71177865564823 71.097036644816399 87.939823985099792 222.38853092491627 78.010480597615242 9.2165530323982221 78.94526681303978
leaf_count=59 118 168 58 537 309 234 1037 47 286 353 894 313 37 317
internal_value=-0.00024054 -0.00775121 0.000719047 0.0160037 0.0228102 0.0196202 -0.0236623 0.00304048 0.00430791 0.000573636 -0.00419177 0.0200017 0.0281904 0.031342
internal_weight=1178.55 806.28 526.796 372.267 238.224 223.521 279.484 485.565 471.148 381.425 293.486 89.7223 146.464 137.248
internal_count=4767 3274 2119 1493 956 897 1155 1951 1893 1533 1180 360 588 551
is_linear=0
shrinkage=0.05


Tree=10
num_leaves=15
num_cat=0
split_feature=11 23 15 11 21 26 13 23 22 27 8 25 19 0
split_gain=61.708 22.6683 16.4969 18.1029 15.9334 11.535 14.342 12.8234 10.8269 9.8163 9.05204 8.55352 11.7477 11.7277
threshold=-0.00026580908085424999 0.0026505309982297006 -0.00026487367705924997 0.0027106731981986504 0.025695931477515952 0.0036892700846332506 -0.0015537762563003499 0.0055910430728385507 0.083421234023855664 0.0058537277668372009 0.0033684679706429007 0.0087246563958714527 0.0072182689512548508 0.0043203616276216014
decision_type=2 2 2 2 2 2 2 2 2 2 2 2 2 2
left_child=5 4 3 10 -2 -1 7 -7 11 -8 -3 12 13 -4
right_child=1 2 8 -5 -6 6 9 -9 -10 -11 -12 -13 -14 -15
leaf_value=-0.024151924850466314 0.025826444497109843 0.01887649216213946 0.0068231481599592388 0.0042352064048313005 -0.00013763192694689225 0.024445090252990451 0.00078590942512393269 -0.035139889205332987 -0.01946837748138661 0.048674766307883192 -0.029562878122816213 0.032229404398434185 -0.049149321569148821 0.058090729988845707
leaf_weight=249.04302209615707 197.45115020871162 10.039352297782896 242.84982727468014 107.6114646345377 84.126707062125206 10.678805515170096 39.737232714891434 41.75276030600071 32.388533592224121 13.661579370498655 95.368087634444237 38.683305144309998 7.9417826086282721 10.725023731589316
leaf_count=1027 793 41 974 433 337 44 161 175 130 55 388 155 32 43
internal_value=-0.000881409 0.0066017 0.000647381 -0.0101885 0.0180962 -0.0182936 -0.00441048 -0.0227738 0.0075974 0.0137074 -0.0248153 0.0105725 0.00725842 0.0092112
internal_weight=1182.06 827.185 545.607 213.019 281.578 354.873 105.83 52.4316 332.588 53.3988 105.407 300.2 261.517 253.575
internal_count=4788 3326 2196 862 1130 1462 435 219 1334 216 429 1204 1049 1017
is_linear=0
shrinkage=0.05


Tree=11
num_leaves=15
num_cat=0
split_feature=11 23 11 13 11 22 20 0 13 20 2 26 15 1
split_gain=56.8551 22.8823 15.4512 14.6042 13.2098 10.5736 9.66296 9.40306 9.20975 8.57486 8.01882 13.4459 9.63957 10.6938
threshold=-0.00026580908085424999 0.0027081675399336005 -0.0017513738473058499 -0.0036595116364928496 0.0028877776365693005 0.054661052801372061 0.67201641603004791 0.0040618826767885004 -0.0012409087380443498 1.1600263846899175 0.0043223967463887009 0.0085326026566413023 -6.7388310460991794e-05 0.0026447509204877004
decision_type=2 2 2 2 2 2 2 2 2 2 2 2 2 2
left_child=2 4 -1 -3 6 7 -2 9 -4 -5 12 -12 13 -7
right_child=1 3 8 5 -6 10 -8 -9 -10 -11 11 -13 -14 -15
leaf_value=-0.029410380191270648 -0.0031612123271281701 -0.026333491091278045 -0.018257214900103926 0.0036294673092876041 0.011473812258338286 0.024032000012412392 0.040063592459082926 0.043417722997519101 0.0017630112765700543 0.027562033124339903 0.031820925954041637 -0.022391077096663839 0.0051939556967993414 -0.020909117477737937
leaf_weight=128.11582365632057 14.942102953791617 40.328056380152702 108.19211821258068 164.78081503510475 182.35418139398098 14.212824255228041 88.753363117575645 21.172371000051498 120.87676195800304 47.581054106354713 36.466760322451591 15.629174649715422 101.74110676348209 108.39478732645512
leaf_count=538 60 165 450 662 732 57 357 85 488 191 147 63 408 438
internal_value=0.00110503 0.00823547 -0.0155674 0.00226156 0.0196803 0.0045699 0.0338644 0.0123793 -0.00773105 0.00909576 -0.00204812 0.0154415 -0.00615988 -0.0155472
internal_weight=1193.54 836.357 357.185 550.307 286.05 509.979 103.695 233.534 229.069 212.362 276.445 52.0959 224.349 122.608
internal_count=4841 3365 1476 2216 1149 2051 417 938 938 853 1113 210 903 495
is_linear=0
shrinkage=0.05


Tree=12
num_leaves=15
num_cat=0
split_feature=11 23 11 15 11 8 26 11 25 8 26 12 23 18
split_gain=55.3612 15.4225 19.4412 12.5038 11.2546 11.3966 10.4032 10.2557 9.71179 9.59126 16.2214 8.81126 11.5128 10.5482
threshold=-0.00026580908085424999 0.0026109403702770507 0.0028877776365693005 -0.00026977565366334994 0.0021082559322067001 0.0055346156078673507 -0.0037947719334262995 -0.0015417028550049497 -0.0038683693769004995 0.088634956312481875 0.0028146018548278 0.011128862616699852 0.0013772541886912504 0.87950078262092302
decision_type=2 2 2 2 2 2 2 2 2 2 2 2 2 2
left_child=7 2 -2 4 5 -3 -5 -1 -9 10 -8 13 -13 -4
right_child=1 3 11 6 -6 -7 9 8 -10 -11 -12 12 -14 -15
leaf_value=-0.02643653809196557 0.03358305383682552 0.02338363025638961 -0.010250574561358836 0.037601671508160794 0.0021971682642085376 -0.028654857082035273 0.013360603473866106 0.024332974452882235 -0.012742145423747832 0.014298243351278911 -0.018102611722368458 0.0067634223508416837 -0.056566479063600433 0.019493751970956919
leaf_weight=152.61257956922054 103.42011213302612 11.474072828888891 40.624314963817596 26.203954815864563 120.38646112382412 73.707212373614311 77.316493198275566 18.638605177402496 180.83213664591312 152.54213564097881 84.939946696162224 17.457513019442562 10.970515042543409 105.76072382926941
leaf_count=643 417 47 163 105 485 302 310 76 741 612 341 70 44 425
internal_value=-0.000139672 0.0069454 0.0165057 0.00205743 -0.0076601 -0.0214552 0.00792075 -0.0167101 -0.00917374 0.00533885 -0.00312013 0.00626916 -0.0187676 0.0112257
internal_weight=1176.89 824.803 278.233 546.57 205.568 85.1813 341.003 352.083 199.471 314.799 162.256 174.813 28.428 146.385
internal_count=4781 3321 1119 2202 834 349 1368 1460 817 1263 651 702 114 588
is_linear=0
shrinkage=0.05


Tree=13
num_leaves=15
num_cat=0
split_feature=13 2 21 26 17 7 7 6 5 16 9 15 4 21
split_gain=28.9002 17.7671 15.5444 17.3765 16.1272 10.1656 9.00438 10.9062 9.27332 10.0356 8.99129 9.54578 10.0204 12.7423
threshold=-0.0012056597122511498 0.0038477657814205506 0.026193049691145501 0.0097703150663196025 -0.52210055647693476 -0.0072650835329652495 0.0013204300564447003 0.00044095296580585005 0.0017885458111525003 1.80557351824988 41.500000000000007 -0.00026977565366334994 0.0016797041250573002 0.019682818713586653
decision_type=2 2 2 2 2 2 2 2 2 2 2 2 2 2
left_child=1 10 3 5 -4 -2 7 8 -6 -10 11 -1 13 -13
right_child=2 -3 4 -5 6 -7 -8 -9 9 -11 -12 12 -14 -15
leaf_value=-0.038237766646325139 -0.048419179390673028 3.6734732251439555e-05 -0.026583256370519743 0.032176326148810788 0.049590603768319676 0.0070583355681413957 -0.029337439414643007 0.024852667165820946 0.0031232870927207497 -0.021301101521860669 0.015987787403991073 -0.018921367695902618 -0.024389076714881563 0.052229891125478614
leaf_weight=84.716922968626022 7.4420401602983466 144.04758514463902 62.446515664458275 73.744821652770042 7.7290105968713751 401.78908717632294 21.440457597374916 48.603679358959198 168.93188326060772 54.914509460330009 12.965718477964399 13.384228453040125 68.548658594489098 10.285460293292997
leaf_count=356 30 593 252 297 31 1620 86 195 680 221 54 56 292 43
internal_value=-0.000785361 -0.0132199 0.00412678 0.009999 -0.00366946 0.00593388 0.00114672 0.00357554 -0.000977823 -0.00293665 -0.023223 -0.0261701 -0.0147928 0.0128607
internal_weight=1180.99 333.949 847.042 482.976 364.066 409.231 301.62 280.179 231.575 223.846 189.901 176.935 92.2183 23.6697
internal_count=4806 1394 3412 1947 1465 1650 1213 1127 932 901 801 747 391 99
is_linear=0
shrinkage=0.05


Tree=14
num_leaves=15
num_cat=0
split_feature=11 15 23 20 24 20 6 24 21 2 11 11 24 16
split_gain=44.3132 18.4363 20.9748 11.1529 9.40671 7.38597 7.07341 12.4156 9.51884 7.06286 12.314 8.8712 8.06939 8.41742
threshold=-0.0007992320691942999 0.00027720172462625004 0.0045731537705506007 0.57755844357606234 0.017221322310030804 0.62135244591857219 -0.0021909447949620994 0.0033745445117496502 0.035385375535768655 0.00042339102325545004 0.0017513775088779501 0.0013565181204472003 0.005025630767427851 1.5691915407306241
decision_type=2 2 2 2 2 2 2 2 2 2 2 2 2 2
left_child=5 2 3 -2 9 -1 7 -4 -9 -5 11 -11 -12 -14
right_child=1 -3 6 4 -6 -7 -8 8 -10 10 12 -13 13 -15
leaf_value=-0.046358063671751458 -0.039571607916496138 0.01812708562225598 -0.045039672937664171 -0.0047331098723730029 -0.030333273832142404 -0.014910518270568336 -0.003967622658229971 0.019017542915207644 -0.039271394122041045 0.0072984193528391333 0.033945721078480394 -0.033364653725168149 0.0024291445424702981 0.027673588459229272
leaf_weight=19.579443767666817 10.132468804717062 228.0805723965168 30.051724225282669 48.736811757087708 12.155166327953337 242.73396921157837 263.22352051734924 20.560710117220882 9.374197989702223 69.082046568393707 85.03995019197464 15.587753698229788 71.924444481730461 60.383882999420166
leaf_count=83 41 916 123 196 49 1019 1069 83 38 280 343 63 289 243
internal_value=0.000673326 0.00582265 0.00177171 0.00983741 0.0113219 -0.0174249 -0.00753917 -0.0228892 8.47752e-05 0.0128475 0.0156908 -0.000489747 0.0219674 0.0140716
internal_weight=1186.65 924.333 696.253 373.043 362.91 262.313 323.21 59.9866 29.9349 350.755 302.018 84.6698 217.348 132.308
internal_count=4835 3733 2817 1504 1463 1102 1313 244 121 1414 1218 343 875 532
is_linear=0
shrinkage=0.05


Tree=15
num_leaves=15
num_cat=0
split_feature=11 8 5 5 15 23 1 6 23 20 22 21 24 17
split_gain=38.557 15.4511 13.4 12.0273 10.533 11.9126 10.4895 9.44082 9.24853 8.9824 8.86341 10.8028 9.37011 9.63513
threshold=-0.00077028062991649985 0.11091737464852987 0.0017701594028492003 0.0026593759584884503 -8.3602077432243225e-05 0.0044019846132602007 0.0026146181879851504 0.00039156852333315005 0.0022709762075663006 0.62135244591857219 0.034718219529970659 0.032882745126946757 0.0093734884679602011 1.0000000180025095e-35
decision_type=2 2 2 2 2 2 2 2 2 2 2 2 2 2
left_child=7 3 -3 8 5 -4 -5 9 -2 -1 -6 -12 13 -13
right_child=1 2 4 6 10 -7 -8 -9 -10 -11 11 12 -14 -15
leaf_value=-0.050508696926145472 0.022243417923244156 0.037390622076214727 0.010772949341999787 0.015846660034320805 -0.0041514218605624674 -0.013404342788905434 -0.012973007408165356 0.017334164304552455 0.001079899272053557 -0.015972327567514166 0.034616620669308588 0.0094821087923665087 0.047986047606269282 -0.050195187546016207
leaf_weight=19.86646494269371 69.460207059979439 46.301059991121292 139.09315459430218 36.313419729471207 32.276669442653656 79.08367495238781 208.07694341242313 18.577109932899475 193.50289767980576 228.31490036845207 86.370196685194969 18.436306968331341 7.4790170043706885 9.462557524442671
leaf_count=85 280 188 561 146 130 322 843 78 783 961 347 74 30 38
internal_value=0.000364991 0.00519275 0.0122924 -0.000676191 0.00907838 0.00198811 -0.00864363 -0.0163479 0.00673321 -0.0189285 0.0190442 0.0251773 0.00181433 -0.0117954
internal_weight=1192.61 925.856 418.503 507.353 372.202 218.177 244.39 266.758 262.963 248.181 154.025 121.748 35.3779 27.8989
internal_count=4866 3742 1690 2052 1502 883 989 1124 1063 1046 619 489 142 112
is_linear=0
shrinkage=0.05


Tree=16
num_leaves=15
num_cat=0
split_feature=11 23 15 1 2 6 20 18 18 3 7 21 20 22
split_gain=34.8812 14.8471 13.6556 11.8865 10.2287 10.585 9.05168 10.08 10.8925 8.77551 8.62341 8.36394 8.27416 7.90229
threshold=-0.00074477481232245 0.0044405216791989005 0.00023359861248845002 0.0026447509204877004 0.0038477657814205506 -0.00025857412763289993 0.62806546313184053 1.4029460744676754 0.78045206184110361 1.0361387452753286 0.00054497333149240007 0.024709913768213403 0.63522099368996021 0.039681406866676601
decision_type=2 2 2 2 2 2 2 2 2 2 2 2 2 2
left_child=12 6 3 -3 5 -5 9 8 -8 -2 -7 -9 -1 -4
right_child=1 2 13 4 -6 10 7 11 -10 -11 -12 -13 -14 -15
leaf_value=-0.043959991332974499 -0.03576385901966693 0.01198210848887349 -0.013477771329363725 -0.026965912153697275 0.0038892392087414539 0.0088077821643302301 0.0023180148375733264 0.010068819681374902 0.022180035536646908 0.021572434141460973 -0.03533686265407928 -0.021965967543389461 -0.01257833883046976 0.017491901858798273
leaf_weight=22.224836453795433 18.062937125563625 64.489314675331116 24.438031941652298 118.41269585490227 72.342150330543518 47.392399743199348 94.58285965025425 51.444500714540482 257.01805873215199 9.4474876821041089 13.342677757143973 32.33617028594017 247.77261550724506 111.39912475645542
leaf_count=96 73 259 98 484 297 192 381 208 1038 38 54 130 1045 447
internal_value=0.000443797 0.00510678 -0.00134159 -0.00703744 -0.0119427 -0.018322 0.0113902 0.0131541 0.0168588 -0.0160077 -0.00130551 -0.00240865 -0.0153142 0.0118625
internal_weight=1184.71 914.708 451.816 315.979 251.49 179.148 462.892 435.382 351.601 27.5104 60.7351 83.7807 269.997 135.837
internal_count=4840 3699 1831 1286 1027 730 1868 1757 1419 111 246 338 1141 545
is_linear=0
shrinkage=0.05


Tree=17
num_leaves=15
num_cat=0
split_feature=11 22 11 18 4 27 25 18 5 5 17 3 26 17
split_gain=43.1044 8.9671 8.40159 10.3734 8.34836 10.0124 7.25363 7.34488 9.04059 12.8367 7.19293 10.4803 7.03747 7.01987
threshold=-0.00026580908085424999 0.054259531626939313 -0.0015145633561735997 0.86943729092165478 0.0039051124593556005 0.0069258361354651013 -0.0031372568318381497 1.4029460744676754 0.0014387566850875002 0.0030563575727526504 1.2526613341610779 1.1911710521178327 0.0026915409660952004 -0.40980828485963
decision_type=2 2 2 2 2 2 2 2 2 2 2 2 2 2
left_child=2 4 3 13 6 -6 -2 -8 -9 -10 11 -4 -13 -1
right_child=1 -3 10 -5 5 -7 7 8 9 -11 -12 12 -14 -15
leaf_value=-0.025602624454220492 -0.024472914988272202 0.00078747818407588202 -0.010625856878503488 -0.033813850421158496 -0.0068992374714434207 0.059922054694022786 0.013840636457255535 0.035403999845103035 -0.031107156955758126 0.015715881115002887 -0.043979723005053262 -0.00077555193542723424 0.046171281886112601 0.007533513477911296
leaf_weight=28.102486237883568 14.344862550497053 408.50382381677628 150.29656626284122 93.740332797169685 7.9411552846431759 16.62615105509758 321.23377697169781 11.13588175177574 34.577940493822098 24.055456414818764 11.805254369974135 17.269502386450771 13.792417660355566 34.702414974570274
leaf_count=119 58 1651 622 408 32 67 1299 45 140 97 49 70 56 147
internal_value=-5.34955e-05 0.00609716 -0.0147749 -0.0233563 0.0111289 0.0388976 0.00935426 0.0106546 -0.00400317 -0.0119557 -0.0077358 -0.00514832 0.0208601 -0.00746236
internal_weight=1188.13 838.419 349.709 156.545 429.915 24.5673 405.348 391.003 69.7693 58.6334 193.164 181.358 31.0619 62.8049
internal_count=4860 3389 1471 674 1738 99 1639 1581 282 237 797 748 126 266
is_linear=0
shrinkage=0.05


Tree=18
num_leaves=15
num_cat=0
split_feature=11 5 13 13 18 22 18 10 12 17 4 23 7 11
split_gain=32.911 12.8081 13.6893 10.5421 9.52213 8.80022 15.6706 12.548 12.1258 11.4289 10.3629 10.1348 9.86129 8.95843
threshold=-0.0016864373445859497 0.0017701594028492003 0.0001151028730926 -0.0058759261383610996 0.87457381915523957 0.054259531626939313 0.80733979633499453 0.65625000000000011 0.010619726031874402 -0.31308771263314933 0.0034536283534512503 0.0060768684775935507 0.0013204300564447003 0.0035011808705179503
decision_type=2 2 2 2 2 2 2 2 2 2 2 2 2 2
left_child=4 -2 3 -3 -1 10 9 8 -8 -7 12 -12 -4 -11
right_child=1 2 5 -5 -6 6 7 -9 -10 13 11 -13 -14 -15
leaf_value=-0.0074172581287976248 0.014148292524985812 0.028399852930899073 0.0090130774089641538 -0.012532409427395875 -0.034096506706640765 -0.034787828078523889 0.01194939842914295 -0.048076407004500284 -0.020902625459643442 0.037674174872723648 0.052126813233476711 0.0059461146302165566 -0.033816382554680377 -0.017738164909571374
leaf_weight=58.559140026569366 206.51469571888447 15.96527887880802 214.71886730194092 226.1896013468504 79.188067674636841 49.865962907671928 200.9508408755064 9.6652842909097654 31.694518566131592 11.199803680181505 26.195237830281258 21.608118906617165 13.357652619481085 17.180580571293831
leaf_count=249 842 67 865 935 350 201 809 39 128 45 106 87 54 69
internal_value=-8.35472e-06 0.00302647 0.000273977 -0.00972805 -0.0228898 0.00434431 -0.00129168 0.00500201 0.00740348 -0.0205989 0.010874 0.0318017 0.00636803 0.00466731
internal_weight=1182.85 1045.11 838.592 242.155 137.747 596.437 320.557 242.311 232.645 78.2463 275.88 47.8034 228.077 28.3804
internal_count=4846 4247 3405 1002 599 2403 1291 976 937 315 1112 193 919 114
is_linear=0
shrinkage=0.05


Tree=19
num_leaves=15
num_cat=0
split_feature=12 21 4 20 23 0 25 16 2 13 19 26 26 1
split_gain=29.1951 19.3161 18.3722 12.526 10.9405 10.9368 9.53158 9.25253 10.4377 8.79089 7.99148 12.5193 9.67795 7.97993
threshold=0.00096343344544410009 0.022858210338598504 0.0034536283534512503 0.59172159203476771 0.0041781251120076007 0.00025688923501950006 0.0023306410494114507 0.59759328788952737 0.0052556865138635505 -0.0029644857124410495 0.0039219993355915509 -0.0039583905956967992 0.0046493938974180504 0.0035874790855005005
decision_type=2 2 2 2 2 2 2 2 2 2 2 2 2 2
left_child=5 2 4 -3 -2 -1 13 -7 9 -9 12 -12 -5 -6
right_child=1 3 -4 10 6 7 -8 8 -10 -11 11 -13 -14 -15
leaf_value=0.037797171439029768 0.015580258480758898 -0.053520939631481718 0.043618407116043638 -0.0026934796081645482 0.001733462246131979 0.0081014178385398448 0.014156416303534564 -0.03431340720995428 0.025636984578192353 -0.013772247462843269 0.026756089443214753 -0.0054061997377143206 0.030823404517726249 -0.034256023471815299
leaf_weight=8.977957531809805 217.9825052022934 10.292598277330397 43.569029495120049 43.931415125727654 29.84777407348156 35.017664670944214 41.022965922951698 84.645892590284348 11.490707769989966 139.37615713477135 31.695025369524956 406.34284953773022 40.975317567586899 30.624271214008331
leaf_count=37 885 43 179 179 120 146 166 370 48 582 129 1646 166 125
internal_value=0.000237054 0.00463834 0.0135172 -0.00142067 0.0092888 -0.0138425 -0.00424366 -0.0156891 -0.0192458 -0.0216516 -0.000295042 -0.0030234 0.013652 -0.0167531
internal_weight=1175.79 896.284 363.047 533.237 319.478 279.508 101.495 270.53 235.513 224.022 522.945 438.038 84.9067 60.472
internal_count=4821 3638 1475 2163 1296 1183 411 1146 1000 952 2120 1775 345 245
is_linear=0
shrinkage=0.05


Tree=20
num_leaves=15
num_cat=0
split_feature=23 13 11 16 24 2 21 9 2 25 25 6 5 19
split_gain=30.8357 22.4695 9.85093 9.1366 9.12602 10.0348 9.08531 8.62625 10.8062 11.0029 8.24966 7.62421 8.82203 9.8951
threshold=0.0026505309982297006 -0.0012056597122511498 0.0032573892041781504 0.57652755489865237 -0.0026578783814956495 0.0052840922624675006 0.016703435984520804 57.500000000000007 0.0045750477090008507 -0.00023243317491344998 0.00010315140806645 -0.00086482211458424987 0.0026208983966990503 0.0039718190089341006
decision_type=2 2 2 2 2 2 2 2 2 2 2 2 2 2
left_child=2 3 6 10 -3 -6 -1 8 -5 -10 -2 -11 13 -13
right_child=1 4 -4 7 5 -7 -8 -9 9 11 -12 12 -14 -15
leaf_value=0.012840096113417885 -0.01873646788339545 -0.016471400320812696 0.0058959071590213574 -0.027037020911095097 0.0015437975339039004 0.0404042765924853 0.041006609731316437 0.031987877829824131 0.024620355162812101 0.011051629449915668 0.031699240766404284 -0.039869597992550826 -0.06019127778647565 0.033474508431630717
leaf_weight=68.718588724732399 13.856648758053781 68.445590779185295 159.59593206644058 187.23563456535339 514.92122146487236 16.17058601975441 49.856802001595497 7.0938844084739676 22.083279207348824 14.927006989717482 17.004161342978477 8.9922540485858971 13.588619083166121 7.544315129518508
leaf_count=281 59 283 645 811 2077 65 203 30 93 62 71 37 56 31
internal_value=-0.00043578 -0.00497034 0.0140685 -0.0163102 0.000576778 0.00280073 0.024927 -0.0193419 -0.020893 -0.00361251 0.00917607 -0.0176856 -0.0318224 -0.00640778
internal_weight=1170.03 891.863 278.171 292.326 599.537 531.092 118.575 261.465 254.371 67.1355 30.8608 45.0522 30.1252 16.5366
internal_count=4804 3675 1129 1250 2425 2142 484 1120 1090 279 130 186 124 68
is_linear=0
shrinkage=0.05


Tree=21
num_leaves=15
num_cat=0
split_feature=23 15 4 12 17 7 27 20 25 24 21 26 2 0
split_gain=24.5225 15.3388 9.76208 9.70603 13.5656 11.5198 12.7951 10.0656 9.50378 8.87785 8.67344 8.15367 9.65823 8.13641
threshold=0.0043708196413303002 1.3542658446219493e-05 0.0013247847067456001 0.010619726031874402 -0.37771671660388867 -0.0013821935614547998 -0.00082160077145599991 0.79662414186453812 0.0085473523794673024 0.00033796337541910004 0.031130301261654704 -0.0050149206397613983 0.0044872173057048511 0.0032071335414310003
decision_type=2 2 2 2 2 2 2 2 2 2 2 2 2 2
left_child=3 2 10 4 5 -1 -7 -8 -3 -4 -2 -11 -13 -14
right_child=1 8 9 -5 -6 6 7 -9 -10 11 -12 12 13 -15
leaf_value=-0.016455298253825242 -0.0048738820249657694 -0.00092679875812381898 -0.02550090419501443 -0.014339152307182738 0.016366751517580637 0.057255760022207426 0.023582191399916713 -0.024258828107967433 0.029989282467178326 0.036313486276997833 0.038675207814393604 -0.017429498051527409 -0.0032759267180578217 0.055106722226000028
leaf_weight=70.418808534741402 66.811845675110817 298.89750623703003 155.14883874356747 41.9511798620224 300.62653590738773 12.038641691207884 21.823265880346298 20.214261516928673 26.108101084828377 8.5989784002304059 12.756687611341475 117.51618853211403 17.969968706369404 7.859331175684928
leaf_count=285 281 1224 672 169 1221 49 89 82 105 35 52 480 74 32
internal_value=-0.000526185 -0.00636543 -0.0130821 0.00836552 0.0106344 -0.00322795 0.0139829 0.000548115 0.0016411 -0.0171149 0.00250142 -0.00844124 -0.011359 0.0158806
internal_weight=1178.74 711.667 386.662 467.073 425.122 124.495 54.0762 42.0375 325.006 307.093 79.5685 151.944 143.345 25.8293
internal_count=4850 2955 1626 1895 1726 505 220 171 1329 1293 333 621 586 106
is_linear=0
shrinkage=0.05


Tree=22
num_leaves=15
num_cat=0
split_feature=11 8 5 8 18 0 15 11 2 25 6 25 6 15
split_gain=20.8651 12.1941 14.353 13.3548 11.163 9.10124 8.35784 15.1408 13.5828 10.0498 9.8419 7.9164 10.5756 7.82029
threshold=-0.0016864373445859497 0.069005029371089516 0.0020181704755868001 0.064876708161171068 0.87457381915523957 0.00025688923501950006 -3.6638297296442961e-05 0.0011930250459619002 0.0011324713945938003 0.0071255652640328003 -0.0005318083409420999 -0.0018678989456299996 -0.0026365241286925496 0.00012878528459765002
decision_type=2 2 2 2 2 2 2 2 2 2 2 2 2 2
left_child=4 3 -3 5 11 -2 7 -4 9 -9 -8 12 -1 -7
right_child=1 2 6 -5 -6 13 10 8 -10 -11 -12 -13 -14 -15
leaf_value=0.031380736018041117 0.038833660519331237 0.022288907117635287 -0.022141176595306726 -0.045198246947093727 -0.032336780899978948 -0.0097845292887182821 0.0024937954344265646 0.013633607748613745 0.012040140490688071 -0.028888663085025114 0.025068115953814252 0.019492906714426203 -0.034138964161447745 0.0047681927620135895
leaf_weight=7.2843951135873821 11.565369591116903 109.55018666386604 76.46696075797081 18.744675233960152 73.894345700740814 248.22965843975544 152.95739488303661 19.573936730623245 146.45699848234653 43.087823465466499 69.728815585374832 22.741916343569756 24.223421156406403 145.85659012198448
leaf_count=31 47 449 322 76 336 1022 618 79 594 174 282 97 105 589
internal_value=-0.000866446 0.00148123 0.00595982 -0.00503723 -0.0198242 -0.00307486 0.00240349 -0.00325539 0.00372295 -0.0156003 0.00964287 -0.00250376 -0.0184919 -0.00439994
internal_weight=1170.36 1042.22 617.822 424.396 128.144 405.652 508.272 285.586 209.119 62.6618 222.686 54.2497 31.5078 394.086
internal_count=4821 4252 2518 1734 569 1658 2069 1169 847 253 900 233 136 1611
is_linear=0
shrinkage=0.05


Tree=23
num_leaves=15
num_cat=0
split_feature=13 11 2 4 8 13 13 20 21 4 16 27 27 18
split_gain=24.9523 12.2118 11.6373 10.0138 10.2206 9.94969 9.59801 8.14505 7.89856 13.3445 10.8675 12.1683 8.27936 7.93299
threshold=0.00030617954088355009 -0.0015799008975159498 0.0037206840282611501 0.0014041232829826503 0.088634956312481875 -0.0027471196174318996 0.0011078944186094502 1.2169596436406247 0.025136846672882952 0.0034768144459770504 1.7483116981158178 0.0121255570843179 0.0012029062678457503 1.1883160456343376
decision_type=2 2 2 2 2 2 2 2 2 2 2 2 2 2
left_child=2 -2 5 6 -5 -1 -3 -8 9 -6 11 12 13 -10
right_child=1 3 -4 4 8 -7 7 -9 10 -11 -12 -13 -14 -15
leaf_value=-0.028344493534487775 -0.022952846286261274 0.053327950116149818 0.001717073953608911 -0.0053964311240817199 0.010523529855360378 -0.008302889182090668 0.010899507797004146 0.056529285042461387 -0.0027551007845519585 0.048429524668339628 -0.016700848614635357 0.027785850863538616 -0.014413035573779962 0.049102878034360399
leaf_weight=91.358024507761002 32.948443666100502 16.729498088359833 168.99876584112644 176.83501207828522 117.99269899725914 192.07882365584373 140.70680084824562 9.6156234890222532 17.887599632143978 28.19763445854187 51.641121044754982 55.655076518654823 51.432516694068909 11.430829480290411
leaf_count=410 140 68 705 713 480 802 570 39 72 115 208 224 207 46
internal_value=0.000503315 0.00634088 -0.00866507 0.00779589 0.00430462 -0.0148397 0.0183878 0.0141726 0.00943793 0.0181143 0.00263267 0.0100203 -0.00241416 0.0184163
internal_weight=1163.51 711.073 452.436 678.124 511.072 283.437 167.052 150.322 334.237 146.19 188.047 136.406 80.7509 29.3184
internal_count=4799 2882 1917 2742 2065 1212 677 609 1352 595 757 549 325 118
is_linear=0
shrinkage=0.05


Tree=24
num_leaves=15
num_cat=0
split_feature=12 7 0 20 16 19 18 18 4 0 26 22 1 25
split_gain=17.5937 13.4262 11.7209 11.5748 11.6273 10.6304 9.95421 9.55819 7.82687 12.2822 9.0678 11.3126 9.96287 8.68606
threshold=0.00096343344544410009 -0.0044722217754257993 0.00025688923501950006 0.90832716001183267 0.80734840071257696 0.0032316819451008003 0.90982913653432507 1.2698077201830937 0.00187781478638365 0.0037403736385476006 0.0070550885069541507 0.057032712526793754 0.0037385279668537001 0.0017594283318006002
decision_type=2 2 2 2 2 2 2 2 2 2 2 2 2 2
left_child=2 3 -1 7 -5 -3 -6 -2 13 10 12 -12 -10 -7
right_child=1 5 -4 4 6 8 -8 -9 9 -11 11 -13 -14 -15
leaf_value=0.04380347165339149 -0.024770662223308395 0.01664007807481253 -0.012754011087265194 0.032711503980390841 -0.040375866925707569 -0.0073948932042020438 0.0057571955008494206 0.01988296254949689 0.0013034847141294606 0.011317088944353855 0.020427696769545856 -0.014176074150773342 -0.028289018252312594 0.018219812620667367
leaf_weight=8.5310054272413236 91.767441913485527 199.52325576543808 261.39311105012894 26.181829839944839 15.103023365139959 43.907225370407104 41.992484331130981 13.00120636820793 44.618030726909637 119.94659347832203 46.3361456990242 46.172207459807396 77.041401892900467 127.87863793969154
leaf_count=35 375 818 1126 106 61 178 170 53 181 492 188 188 318 518
internal_value=0.000351641 0.0037324 -0.0108114 -0.00810927 0.00577262 0.00689607 -0.00693096 -0.0190938 0.00302786 -0.00143604 -0.00859794 0.00318957 -0.017514 0.011668
internal_weight=1163.39 893.469 269.924 188.046 83.2773 705.423 57.0955 104.769 505.9 334.114 214.168 92.5084 121.659 171.786
internal_count=4807 3646 1161 765 337 2881 231 428 2063 1367 875 376 499 696
is_linear=0
shrinkage=0.05


Tree=25
num_leaves=15
num_cat=0
split_feature=11 12 23 13 20 11 26 26 11 8 26 16 1 18
split_gain=26.8115 8.64971 9.44872 8.7431 8.68035 7.6389 7.48796 11.1843 7.87816 7.31567 13.0636 9.46586 9.66491 7.93892
threshold=-0.00029366393741749996 0.0114965640555719 0.0026109403702770507 -0.0036595116364928496 0.79104275048268258 0.0082170326057726013 -0.0030398289651316496 -0.0022599629628002999 0.0020701739099292008 0.097492387740547762 0.0045943208693555509 0.98513142165679468 0.00180685078446025 1.3492485226729343
decision_type=2 2 2 2 2 2 2 2 2 2 2 2 2 2
left_child=-1 2 -2 4 -4 6 8 -8 -5 10 11 12 -9 -11
right_child=1 -3 3 5 -6 -7 7 9 -10 13 -12 -13 -14 -15
leaf_value=-0.012531116171480457 0.013198353166119123 -0.018052109199232527 0.010534789074614428 0.0016895794170395158 -0.037487696899567532 0.045178148558808973 -0.047008660231335271 0.040733631762371159 0.041332806499694973 0.014132533102655345 -0.018547998620180049 0.019238044246753808 -0.015256751845100803 -0.0086851432644137524
leaf_weight=338.18160419166088 255.6109002828598 40.745774760842323 13.958591893315313 26.30468912422657 25.738845407962799 9.6831341385841352 11.138080790638922 7.9419272392988196 23.091651722788811 153.11786808073521 94.843340709805489 64.238314181566238 55.837820217013359 49.892761439085007
leaf_count=1456 1046 165 58 107 107 39 45 32 93 620 384 260 226 202
internal_value=-0.000680783 0.00414443 0.00530858 0.00152698 -0.0207579 0.0033484 0.00242469 0.000319404 0.0206743 0.00166443 -0.00458126 0.00582968 -0.00776359 0.00850968
internal_weight=1170.33 832.144 791.398 535.787 39.6974 496.09 486.406 437.01 49.3963 425.872 222.861 128.018 63.7797 203.011
internal_count=4840 3384 3219 2173 165 2008 1969 1769 200 1724 902 518 258 822
is_linear=0
shrinkage=0.05


Tree=26
num_leaves=15
num_cat=0
split_feature=11 23 1 15 22 20 27 23 23 17 24 7 25 0
split_gain=22.0522 10.503 12.7537 12.5261 9.4134 7.81356 7.78707 7.68983 8.37659 7.88428 10.9242 9.14129 7.39569 7.12784
threshold=-0.0016864373445859497 0.0060096756506317515 0.0028427967109180001 0.00046200461111650003 0.034187638179875857 1.452451409533722 0.022409393443272703 0.0052199475311534007 0.0044405216791989005 -0.36257157301058113 0.0014722121979581003 -0.0043761462833142488 0.0060328850455198509 0.0007552220684395502
decision_type=2 2 2 2 2 2 2 2 2 2 2 2 2 2
left_child=-1 6 -3 4 -4 13 7 8 9 11 -11 -2 -5 -6
right_child=1 2 3 12 5 -7 -8 -9 -10 10 -12 -13 -14 -15
leaf_value=-0.0193423931278239 -0.035845713648218501 0.014819785127994495 -0.05533463094760957 0.004048453153504836 0.01558131480658952 0.033423046162306756 0.039552370318967009 0.019767195175840094 -0.011152048210062208 0.027760839809764126 0.0055223014006577174 0.0012682666099282118 0.049951149071147283 -0.015269389375411916
leaf_weight=125.77078625559807 18.593194574117661 74.545603722333908 11.584529131650923 56.425237908959389 19.714807748794556 8.6587573289871198 16.567274838685989 83.766567453742027 81.236332029104233 69.089401185512543 264.08271603286266 107.88134299218655 9.4405433386564237 213.28974437713623
leaf_count=569 75 303 49 228 82 35 67 343 332 284 1076 440 38 886
internal_value=0.000342068 0.00275073 -0.00367222 -0.00802479 -0.0130693 -0.0108236 0.00669351 0.00576019 0.00355845 0.00617689 0.0102031 -0.00442631 0.0112763 -0.0126036
internal_weight=1160.65 1034.88 393.659 319.114 253.248 241.663 641.217 624.65 540.883 459.647 333.172 126.475 65.8658 233.005
internal_count=4807 4238 1621 1318 1052 1003 2617 2550 2207 1875 1360 515 266 968
is_linear=0
shrinkage=0.05


Tree=27
num_leaves=15
num_cat=0
split_feature=11 18 8 9 25 25 12 22 22 23 24 25 4 9
split_gain=14.5628 10.0207 8.53641 11.3416 9.84904 9.23639 10.6242 12.3981 9.86925 8.59004 8.14599 8.1982 8.14011 10.1116
threshold=-0.0017513738473058499 0.86268472752176728 0.10071818757867136 20.500000000000004 0.0025332644033224006 -0.0041589982608121493 0.0060510371775095015 0.063541270592617258 0.035216971213056857 0.010848778326864201 0.017221322310030804 0.014216689733672553 0.0015346577104598002 56.500000000000007
decision_type=2 2 2 2 2 2 2 2 2 2 2 2 2 2
left_child=1 -1 10 5 -5 -4 7 8 -7 -10 11 12 13 -2
right_child=2 -3 3 4 -6 6 -8 -9 9 -11 -12 -13 -14 -15
leaf_value=6.7391241981313153e-05 0.0042704820171386489 -0.030098382007355973 0.039103257709767109 0.0053185679121231623 0.053961370448327745 -0.016475103697029467 0.01055355979538251 -0.026682979231666789 0.010982688841878821 -0.040294158865725536 -0.045195657224713262 0.036067612120767943 -0.010108290555841816 -0.047001018693421923
leaf_weight=46.121450170874596 262.17510731518269 67.281239196658134 16.309507817029953 20.547594040632248 20.60123935341835 57.865702345967293 195.90205307304859 51.076286897063255 132.54432533681393 7.7263311445713034 10.46803569793701 12.377725198864935 248.02132442593575 8.983359754085539
leaf_count=202 1074 315 67 85 86 238 795 211 545 32 43 50 1021 37
internal_value=-0.00100044 -0.0179365 0.00085355 0.00554199 0.0303741 0.00326662 0.00186881 -0.00497302 0.000729335 0.00789304 -0.00349583 -0.00259131 -0.00358054 0.00240542
internal_weight=1158 113.403 1044.6 502.573 41.1488 461.424 445.115 249.213 198.136 140.271 542.026 531.558 519.18 271.158
internal_count=4801 517 4284 2059 171 1888 1821 1026 815 577 2225 2182 2132 1111
is_linear=0
shrinkage=0.05


Tree=28
num_leaves=15
num_cat=0
split_feature=23 13 2 1 1 15 6 6 1 6 24 19 0 3
split_gain=16.2055 9.983 13.311 9.99327 8.94871 8.16843 7.80171 7.43511 7.42205 8.69593 9.07971 8.49851 7.71533 8.09154
threshold=0.0043708196413303002 -0.0018520190524215997 0.0037493378797550003 0.0066812575319969503 0.0067468555210233013 3.3659436689870155e-05 -0.00013746098420339996 0.00011925937601695002 0.0039046777938568007 -0.00016765815432124998 0.00011625093098665002 0.006048843978297901 0.0035917415115656005 1.1058117761179418
decision_type=2 2 2 2 2 2 2 2 2 2 2 2 2 2
left_child=-1 2 5 8 -4 6 -2 -8 -3 12 -11 -12 13 -10
right_child=1 3 4 -5 -6 -7 7 -9 9 10 11 -13 -14 -15
leaf_value=0.0073627487532947891 -0.037071945840599148 0.0028116544354471512 0.020936150652082122 0.019400370978972171 -0.01122102102000014 0.02001408276872451 0.030741002871467839 -0.024679538957269945 -0.037925798053787763 -0.019399122644473993 0.045233744288278463 -0.009617405361157608 0.00088436180257814951 -0.010414160851849959
leaf_weight=462.67208129167557 78.325203984975815 229.02680218219757 32.162758097052574 53.342811241745949 61.233959928154945 8.3695062994956952 8.6182039827108401 15.363941773772238 49.624334678053856 17.273859858512878 18.297080352902416 10.662194237112997 47.492759332060814 58.881789490580559
leaf_count=1890 362 937 140 217 261 39 39 70 204 71 74 43 195 241
internal_value=0.000134526 -0.00472524 -0.0139727 -0.000810238 -4.26717e-05 -0.0256221 -0.0295131 -0.00433034 -0.00334921 -0.0103059 0.00860037 0.0253918 -0.0159281 -0.0232278
internal_weight=1151.35 688.675 204.074 484.602 93.3967 110.677 102.307 23.9821 431.259 202.232 46.2331 28.9593 155.999 108.506
internal_count=4783 2893 911 1982 401 510 471 109 1765 828 188 117 640 445
is_linear=0
shrinkage=0.05


Tree=29
num_leaves=15
num_cat=0
split_feature=13 21 4 20 18 5 23 18 0 17 5 23 27 18
split_gain=16.6782 12.4101 16.1957 10.03 9.76194 9.53454 9.07461 8.897 7.32005 7.01882 6.83217 6.67309 7.09373 6.71294
threshold=0.00030617954088355009 0.023206054716566404 0.0034536283534512503 0.58433447601136024 1.1359686339069388 0.0017431019581239003 0.0035702297896243501 1.4172750312491706 0.0011329798620590002 2.5642386608977725 0.0050262560436541504 0.0036259215871523006 -0.0022012907403410496 1.0266147695617645
decision_type=2 2 2 2 2 2 2 2 2 2 2 2 2 2
left_child=3 2 9 -1 -5 -3 7 -6 -7 11 -8 12 -2 -14
right_child=1 5 -4 4 6 8 10 -9 -10 -11 -12 -13 13 -15
leaf_value=-0.042812042852308156 0.052359510608690131 0.036484342798911384 0.048177777357909665 -3.988820786275901e-05 0.02883109293077853 -0.020574087872071805 -0.026764702003986771 -0.028842532499987507 0.0009697785044436183 -0.023091049976157491 0.017582508302616876 0.0029272488970821728 0.0034923937026965675 0.027029701172576283
leaf_weight=17.197379171848297 13.544762268662451 16.270858332514763 29.398453146219254 310.02272427082062 18.271233081817631 43.477021217346191 95.957112550735474 9.2961951196193677 346.70296047627926 14.594040796160696 8.8586731702089292 119.73550410568714 62.246202990412712 58.64984954893589
leaf_count=76 56 66 122 1323 75 176 422 38 1405 60 38 487 256 243
internal_value=0.00098723 0.00581739 0.0135463 -0.00641445 -0.00490623 0.000128204 -0.0162168 0.00905375 -0.00147727 0.0095937 -0.0228859 0.0115535 0.0191579 0.015039
internal_weight=1164.22 704.62 298.169 459.603 442.406 406.451 132.383 27.5674 390.18 268.77 104.816 254.176 134.441 120.896
internal_count=4843 2871 1224 1972 1896 1647 573 113 1581 1102 460 1042 555 499
is_linear=0
shrinkage=0.05


Tree=30
num_leaves=15
num_cat=0
split_feature=25 0 16 7 0 18 23 27 2 1 27 26 7 27
split_gain=17.0792 11.2574 12.2989 12.0918 11.0474 10.9068 10.9411 10.0028 9.72451 9.10516 9.01262 9.17984 8.35582 8.29964
threshold=0.0017594283318006002 0.0030336952121551007 1.2924907421778442 -0.0044722217754257993 0.00022313626271635003 1.6369191392401377 0.0043708196413303002 -0.0027965490380092999 0.0010049656848897003 0.0056428730328714006 0.0016714915523707503 -0.0034488550058302996 -0.0075620182697830997 0.013957186493018201
decision_type=2 2 2 2 2 2 2 2 2 2 2 2 2 2
left_child=1 4 3 -3 -1 6 -2 8 -8 -10 -9 -12 -13 -7
right_child=5 2 -4 -5 -6 13 7 10 9 -11 11 12 -14 -15
leaf_value=0.044736884486416918 0.013608409777819588 -0.017636900665857182 -0.018790637931631087 0.03015343367416148 -0.012051181842891447 -0.0041645014816866993 0.015718170017878761 0.024669822077644218 -0.054259492529121739 -0.0014088261768093759 0.022269115159629496 -0.047864360230708648 -0.002848534202803231 -0.045346758212262549
leaf_weight=7.7927448302507392 321.73353359103203 16.614672213792801 29.826868042349815 54.84585577249527 392.29678672552109 57.17041352391243 12.590876087546347 42.762144386768341 20.908821642398834 13.062909483909605 33.590616971254349 10.239834055304526 126.54440771043301 14.652442231774328
leaf_count=32 1317 70 127 229 1664 234 52 177 89 55 139 42 519 60
internal_value=-0.000137418 -0.00707101 0.00776263 0.0189521 -0.0108363 0.00518682 0.00746102 -0.000177773 -0.0209187 -0.0345586 0.0044299 -0.000764404 -0.0065414 -0.0130733
internal_weight=1154.63 501.377 101.287 71.4605 400.09 653.256 581.433 259.7 46.5626 33.9717 213.137 170.375 136.784 71.8229
internal_count=4806 2122 426 299 1696 2684 2390 1073 196 144 877 700 561 294
is_linear=0
shrinkage=0.05


Tree=31
num_leaves=15
num_cat=0
split_feature=13 15 16 18 8 10 8 25 24 16 26 11 18 16
split_gain=12.9593 9.27144 11.1357 10.4991 8.01788 7.64087 7.62039 7.42116 10.9925 9.97006 8.39715 11.7212 8.35672 7.92396
threshold=-0.0028287497779692999 -0.00071807675944609987 0.59472745285618256 0.73573440031750426 0.096487423051622015 0.86458333333333337 0.61606466850383701 0.013122788568174651 0.0059427049716091508 0.88034027865476583 0.012613324781926701 0.00040353026328770005 1.4029460744676754 1.3878689048416162
decision_type=2 2 2 2 2 2 2 2 2 2 2 2 2 2
left_child=1 -1 3 -3 7 -4 -6 8 10 -10 11 -2 13 -13
right_child=4 2 5 -5 6 -7 -8 -9 9 -11 -12 12 -14 -15
leaf_value=0.004455170895804733 -0.0082068086017010305 0.058692916766462183 -0.028797154456673607 -0.013405346914164812 0.0070957583985896333 0.0083148373448840469 -0.038855208735076065 0.027867850538830286 -0.044541566470068128 -0.0093613478320179466 -0.032975743459686589 0.0082310869867710714 -0.015755671440645429 0.034084499861824498
leaf_weight=59.901135265827179 144.6206371486187 7.4371518492698696 110.64264689385891 11.866836711764334 479.78522077202797 15.390737026929854 8.2142137438058835 17.791582688689232 25.482018485665321 87.588838025927544 16.872193217277527 106.99559542536736 24.123124122619629 40.530654117465019
leaf_count=251 608 32 507 53 1975 69 34 72 103 355 69 435 98 166
internal_value=-0.000683895 -0.0120475 -0.0188331 0.0158942 0.00177601 -0.0242354 0.00624442 -0.00292679 -0.00421421 -0.0176106 0.000371732 0.00224906 0.011055 0.0155156
internal_weight=1157.24 205.239 145.337 19.304 952.004 126.033 487.999 464.005 446.213 113.071 333.142 316.27 171.649 147.526
internal_count=4827 912 661 85 3915 576 2009 1906 1834 458 1376 1307 699 601
is_linear=0
shrinkage=0.05


Tree=32
num_leaves=15
num_cat=0
split_feature=12 0 19 1 18 7 19 13 18 19 22 27 17 19
split_gain=13.2486 8.55473 8.94505 7.96871 9.89148 9.25214 17.6361 8.29909 7.75751 7.53836 12.2637 21.0249 9.33614 13.3426
threshold=0.0010595619889649003 0.00025688923501950006 0.0062582257922385509 0.0017306785443868002 1.6369191392401377 -0.0044722217754257993 0.0034386600603411505 -0.0041995753088047488 0.87149111178372451 0.003953498483761201 0.040165064453012309 0.0021564430261729506 -0.40638167447780421 0.004024904043801251
decision_type=2 2 2 2 2 2 2 2 2 2 2 2 2 2
left_child=1 -1 -3 8 5 6 -5 -7 -2 10 11 -9 -11 -14
right_child=3 2 -4 4 -6 7 -8 9 -10 12 -12 -13 13 -15
leaf_value=0.033197821803022894 0.055487104437312376 -0.012687907083145992 0.039802687792002599 -0.048150412051366109 -0.014351130016148669 -0.016801194751182091 -0.00029770417799507591 0.032281635653575141 0.0081092623518610393 -0.012525216562479933 0.023449893218437462 -0.013751090845211193 -0.042883645473039099 0.010791878502665164
leaf_weight=10.394690647721289 12.758180275559424 264.0597116202116 7.4202422499656668 20.942488327622414 82.047953978180885 34.149489015340805 157.27308522164822 36.189461812376976 24.369017720222473 73.767756819725037 154.13755944371223 73.498585790395737 11.270605891942976 211.05445857346058
leaf_count=43 52 1159 32 86 336 146 643 150 100 302 637 304 46 859
internal_value=6.24102e-05 -0.00936678 -0.0111124 0.00305103 0.00205042 0.00380924 -0.00615827 0.00680474 0.0254182 0.00827185 0.0144022 0.00159096 0.00277952 0.007891
internal_weight=1173.33 281.875 271.48 891.459 854.331 772.283 178.216 594.068 37.1272 559.918 263.826 109.688 296.093 222.325
internal_count=4895 1234 1191 3661 3509 3173 729 2444 152 2298 1091 454 1207 905
is_linear=0
shrinkage=0.05


Tree=33
num_leaves=15
num_cat=0
split_feature=13 20 17 18 24 26 22 11 11 27 8 2 7 20
split_gain=11.0569 10.0165 6.89663 8.57869 6.86111 7.51436 6.11988 8.08821 6.57692 6.3279 11.4468 6.88776 6.07339 10.5774
threshold=0.00030617954088355009 0.57755844357606234 -0.45700081563404049 1.205485168489757 0.0012491325528580001 0.0078600832601427011 0.063541270592617258 0.0019308346843005001 0.00026293098472180006 0.0015200422255976002 0.024442569813953655 0.0024975584570165505 -0.0047754921709428988 0.86490933292354266
decision_type=2 2 2 2 2 2 2 2 2 2 2 2 2 2
left_child=1 -1 6 4 -4 -6 7 8 9 10 -3 -11 13 -2
right_child=12 2 3 -5 5 -7 -8 -9 -10 11 -12 -13 -14 -15
leaf_value=-0.042304287836446665 -0.020109603726061812 -0.025049985813750366 -0.0014025901685225566 -0.013661629066761306 0.028507758988187717 -0.0078348114266452978 -0.028524876472174165 0.039350064816510266 -0.037311199208604137 -0.031932296553395155 0.04286187064218968 0.015372512431975162 0.005831765861551712 0.0069958804986539787
leaf_weight=17.723583251237869 66.449058473110199 9.4505342692136782 143.85236883163452 88.930810809135437 47.242685556411743 19.652690201997757 47.791193559765816 7.8160333186388007 17.405534476041794 22.688042491674423 14.611269950866697 10.668200671672819 570.8929218351841 76.372706949710846
leaf_count=80 272 41 632 390 195 81 206 32 72 98 63 46 2335 310
internal_value=-0.000336847 -0.00648718 -0.00491656 -0.000725988 0.0047713 0.0178728 -0.0144661 -0.00609188 -0.0112951 -0.00290495 0.0162535 -0.0167959 0.00352597 -0.00566732
internal_weight=1161.55 447.833 430.109 299.679 210.748 66.8954 130.431 82.6396 74.8236 57.418 24.0618 33.3562 713.715 142.822
internal_count=4853 1936 1856 1298 908 276 558 352 320 248 104 144 2917 582
is_linear=0
shrinkage=0.05


Tree=34
num_leaves=15
num_cat=0
split_feature=13 2 27 9 22 0 21 20 0 11 4 25 21 25
split_gain=11.0741 6.9441 6.89672 6.12105 5.78058 7.51504 11.8824 8.00911 7.56945 8.14032 7.43536 7.1876 8.04728 8.03368
threshold=-0.0028287497779692999 0.0037493378797550003 0.022409393443272703 35.500000000000007 0.072332819397713952 0.0037403736385476006 0.021394739375724954 1.4877279802841816 0.0038564510162151003 0.0062913306281798505 0.0014476243345873001 0.011756139140833103 0.024989357546599752 0.016126183765633104
decision_type=2 2 2 2 2 2 2 2 2 2 2 2 2 2
left_child=1 3 4 -1 5 7 -7 10 -8 -10 -2 12 -6 -13
right_child=2 -3 -4 -5 11 6 8 -9 9 -11 -12 13 -14 -15
leaf_value=-0.024558464859668522 0.0085057565098432906 -0.0018172764518793049 0.025083308092855458 0.020692170747035363 0.0073879147437975736 0.048192113252182221 0.048636004323990734 0.042693582607758462 0.010217073422616747 -0.029320121475614705 -0.0029582297306728267 0.034119501819477781 -0.018737124432824288 -0.016174437560474753
leaf_weight=79.307431891560555 219.2083674967289 116.26782819628716 33.081234723329544 7.486727535724639 41.341145604848862 21.825357049703598 9.0730273574590665 10.823369830846785 66.914482250809669 15.113098829984663 394.48997470736504 19.677257686853412 97.942896097898483 12.119943827390669
leaf_count=377 903 498 135 34 170 92 37 44 275 61 1630 80 403 49
internal_value=0.000712747 -0.00984861 0.00299838 -0.020464 0.00216753 0.00408862 0.0158995 0.00193098 0.00772374 0.00266718 0.00114379 -0.006089 -0.0109855 0.0150406
internal_weight=1144.67 203.062 941.61 86.7942 908.529 737.448 112.926 624.522 91.1006 82.0276 613.698 171.081 139.284 31.7972
internal_count=4788 909 3879 411 3744 3042 465 2577 373 336 2533 702 573 129
is_linear=0
shrinkage=0.05


Tree=35
num_leaves=15
num_cat=0
split_feature=23 7 0 10 22 7 19 16 18 16 26 3 11 24
split_gain=12.382 7.72736 7.44883 9.38024 9.05554 9.22989 8.05187 7.10976 9.64702 8.08166 6.99073 6.84464 6.44729 7.5555
threshold=0.0026109403702770507 -0.0022081817561558493 0.0030336952121551007 0.17708333333333334 0.063218076800779857 0.00078435558415850014 0.0031650253031535003 0.89705953788668691 0.82779338164050853 0.57286175261235928 0.015776846809834204 1.2654666569145694 0.0080714663403955011 0.012437623974021551
decision_type=2 2 2 2 2 2 2 2 2 2 2 2 2 2
left_child=1 -1 3 -2 5 -4 -7 9 -9 -3 -6 -10 13 -5
right_child=2 7 4 12 10 6 -8 8 11 -11 -12 -13 -14 -15
leaf_value=-0.0023495504889609374 -0.021353295306962269 -0.010928917490867952 0.020878448374983448 -0.0036223182870810675 -0.010863123630000734 0.033960550093851585 -0.022030621444381601 -0.018661540095962423 0.022087972619986247 0.043667157055822914 0.031107153487279146 -0.0080268311624682644 0.033153580138895453 -0.043903758606652389
leaf_weight=99.098742425441742 86.552173659205437 8.0198047757148725 96.19395624101162 532.8648245036602 95.583770200610161 7.4164021015167227 26.553340658545494 24.228762090206146 86.611626029014587 33.161819353699684 10.087865754961966 23.483480915427208 10.61482387781143 10.913658291101454
leaf_count=405 365 33 397 2256 399 31 110 100 362 138 41 97 43 44
internal_value=-0.000444073 0.00880181 -0.00334657 -0.00613968 0.00423829 0.0130224 -0.00918484 0.015076 0.00936886 0.033028 -0.00660241 0.01565 -0.00373035 -0.00450987
internal_weight=1151.39 274.604 876.781 640.945 235.835 130.164 33.9697 175.505 134.324 41.1816 105.672 110.095 554.393 543.778
internal_count=4821 1135 3686 2708 978 538 141 730 559 171 440 459 2343 2300
is_linear=0
shrinkage=0.05


Tree=36
num_leaves=15
num_cat=0
split_feature=12 26 5 12 12 25 23 23 1 26 19 0 25 20
split_gain=10.2137 10.0297 9.82097 8.20925 7.49928 9.70739 7.30133 9.92671 8.28816 7.61677 7.23412 8.79884 6.76176 6.15578
threshold=0.00096343344544410009 -0.0040840265138350493 0.0017701594028492003 0.0036606472946735503 0.0019225923528437001 0.0019339943833892002 0.0060096756506317515 0.0054121968225638506 0.0032664466899508505 -0.00043986620811739991 0.0055104024504591511 0.0017358272754861503 0.00062801591520530011 0.85570763147343321
decision_type=2 2 2 2 2 2 2 2 2 2 2 2 2 2
left_child=10 -2 3 4 -3 12 7 9 -8 13 -1 -12 -6 -4
right_child=1 2 6 -5 5 -7 8 -9 -10 -11 11 -13 -14 -15
leaf_value=-0.010710942562043517 0.025466097807435025 0.02204219504639663 -0.039633329245917476 0.030085803267686662 -0.0041936434291487542 0.0093195688460259423 0.010445462327001153 0.025209560908324061 -0.011472911942369806 0.0029263434679226326 0.045093505021568281 -0.021052914682773191 -0.066451823933422791 0.0011771661143769676
leaf_weight=243.84337282180786 45.464020505547523 31.889950200915337 19.058682203292847 49.466228619217873 8.2249722331762332 26.723553419113159 52.946488469839096 45.196730822324753 216.77495539188385 361.6322124004364 12.130753442645075 7.3841965645551673 8.6422524601221067 17.028196156024933
leaf_count=1080 187 131 78 206 34 112 214 185 906 1481 52 33 36 69
internal_value=0.000275034 0.00285333 0.001597 0.0144682 0.00397364 -0.00944276 -0.000676816 0.00327093 -0.00714763 0.000720849 -0.00834815 0.0202584 -0.0380267 -0.0208637
internal_weight=1146.41 883.048 837.584 124.947 75.4807 43.5908 712.637 442.916 269.721 397.719 263.358 19.515 16.8672 36.0869
internal_count=4804 3639 3452 519 313 182 2933 1813 1120 1628 1165 85 70 147
is_linear=0
shrinkage=0.05


Tree=37
num_leaves=15
num_cat=0
split_feature=11 27 16 17 25 23 7 20 6 5 17 0 11 7
split_gain=9.81326 6.74375 10.9259 9.4893 9.44297 9.92954 9.02922 10.9977 10.6073 8.17148 7.80796 7.68273 7.52186 7.37595
threshold=-0.0004670957279934999 0.0096026013711269526 1.043676181919502 -0.25373514018965176 0.010617311977351102 0.0076961691979814005 0.00074153130923285007 0.73882578691330159 0.0004783970932876501 0.0018582485455551502 3.7407066825149999 0.0025742711841264007 0.0005457201035110002 -0.0048527768827702497
decision_type=2 2 2 2 2 2 2 2 2 2 2 2 2 2
left_child=-1 6 3 4 5 -3 8 -8 10 -9 -2 -10 -11 -4
right_child=1 2 13 -5 -6 -7 7 9 11 12 -12 -13 -14 -15
leaf_value=-0.0088423187695571646 -0.0029151809092340781 0.030577515866691374 -0.018676362244130235 0.045551270358657789 -0.03725875871085798 -0.012523731953919332 0.034551439930363505 0.01405626994444336 0.039740622331774139 0.0057624616507864178 0.044540001387900902 0.0054147389262512394 -0.047638073044017008 0.006201431661849075
leaf_weight=301.90698598325253 453.35582457482815 44.048578798770905 37.94607050716877 27.93524557352066 7.892048552632331 18.343142792582512 7.1767406910657874 8.8274994939565641 26.143503651022911 7.908959448337554 7.8382649421691886 41.758264645934105 33.40876792371273 125.79677966237068
leaf_count=1343 1863 180 155 114 32 75 30 37 108 33 32 171 137 516
internal_value=-0.00111642 0.00164012 0.00829362 0.0213866 0.0112777 0.0179081 -0.00134116 -0.0200126 0.000715628 -0.0283446 -0.00201403 0.0190158 -0.0375216 0.000357834
internal_weight=1150.29 848.38 261.962 98.219 70.2838 62.3917 586.418 57.322 529.096 50.1452 461.194 67.9018 41.3177 163.743
internal_count=4826 3483 1072 401 287 255 2411 237 2174 207 1895 279 170 671
is_linear=0
shrinkage=0.05


end of trees

feature_importances:
ext_up=42
drawdown24=41
vol_ratio_mean8=36
close_vs_ema200=31
atr_pct_ratio96=26
ret_12=23
ret_24=22
ma_spread_pct=21
spread_chg24=20
volume_ratio=20
spread_pos96=19
ret_48=19
fast_slow_gap=18
spread_mean24=18
close_vs_ema55=18
pre_range48=18
full_spread=17
slow_slope_12=17
ret_4=17
pre_range168=16
spread_mean8=14
volume_z=14
atr_pct=14
spread_chg8=13
full_ratio_min48=6
dense_run_len=6
dense_frac48=3
order_score=3

parameters:
[boosting: gbdt]
[objective: binary]
[metric: binary_logloss]
[tree_learner: serial]
[device_type: cpu]
[data_sample_strategy: bagging]
[data: ]
[valid: ]
[num_iterations: 600]
[learning_rate: 0.05]
[num_leaves: 15]
[num_threads: 0]
[seed: 42]
[deterministic: 0]
[force_col_wise: 0]
[force_row_wise: 0]
[histogram_pool_size: -1]
[max_depth: -1]
[min_data_in_leaf: 30]
[min_sum_hessian_in_leaf: 0.001]
[bagging_fraction: 0.8]
[pos_bagging_fraction: 1]
[neg_bagging_fraction: 1]
[bagging_freq: 1]
[bagging_seed: 400]
[bagging_by_query: 0]
[feature_fraction: 0.8]
[feature_fraction_bynode: 1]
[feature_fraction_seed: 30056]
[extra_trees: 0]
[extra_seed: 12879]
[early_stopping_round: 0]
[early_stopping_min_delta: 0]
[first_metric_only: 0]
[max_delta_step: 0]
[lambda_l1: 0]
[lambda_l2: 1]
[linear_lambda: 0]
[min_gain_to_split: 0]
[drop_rate: 0.1]
[max_drop: 50]
[skip_drop: 0.5]
[xgboost_dart_mode: 0]
[uniform_drop: 0]
[drop_seed: 17869]
[top_rate: 0.2]
[other_rate: 0.1]
[min_data_per_group: 100]
[max_cat_threshold: 32]
[cat_l2: 10]
[cat_smooth: 10]
[max_cat_to_onehot: 4]
[top_k: 20]
[monotone_constraints: ]
[monotone_constraints_method: basic]
[monotone_penalty: 0]
[feature_contri: ]
[forcedsplits_filename: ]
[refit_decay_rate: 0.9]
[cegb_tradeoff: 1]
[cegb_penalty_split: 0]
[cegb_penalty_feature_lazy: ]
[cegb_penalty_feature_coupled: ]
[path_smooth: 0]
[interaction_constraints: ]
[verbosity: -1]
[saved_feature_importance_type: 0]
[use_quantized_grad: 0]
[num_grad_quant_bins: 4]
[quant_train_renew_leaf: 0]
[stochastic_rounding: 1]
[linear_tree: 0]
[max_bin: 255]
[max_bin_by_feature: ]
[min_data_in_bin: 3]
[bin_construct_sample_cnt: 200000]
[data_random_seed: 175]
[is_enable_sparse: 1]
[enable_bundle: 1]
[use_missing: 1]
[zero_as_missing: 0]
[feature_pre_filter: 1]
[pre_partition: 0]
[two_round: 0]
[header: 0]
[label_column: ]
[weight_column: ]
[group_column: ]
[ignore_column: ]
[categorical_feature: ]
[forcedbins_filename: ]
[precise_float_parser: 0]
[parser_config_file: ]
[objective_seed: 16083]
[num_class: 1]
[is_unbalance: 0]
[scale_pos_weight: 1]
[sigmoid: 1]
[boost_from_average: 1]
[reg_sqrt: 0]
[alpha: 0.9]
[fair_c: 1]
[poisson_max_delta_step: 0.7]
[tweedie_variance_power: 1.5]
[lambdarank_truncation_level: 30]
[lambdarank_norm: 1]
[label_gain: ]
[lambdarank_position_bias_regularization: 0]
[eval_at: ]
[multi_error_top_k: 1]
[auc_mu_weights: ]
[num_machines: 1]
[local_listen_port: 12400]
[time_out: 120]
[machine_list_filename: ]
[machines: ]
[gpu_platform_id: -1]
[gpu_device_id: -1]
[gpu_use_dp: 0]
[num_gpu: 1]

end of parameters

pandas_categorical:[]
