tree
version=v4
num_class=1
num_tree_per_iteration=1
label_index=0
max_feature_idx=27
objective=regression
feature_names=ma_spread_pct full_spread fast_slow_gap full_ratio_min48 spread_mean8 spread_mean24 spread_chg8 spread_chg24 spread_pos96 dense_run_len dense_frac48 ext_up close_vs_ema55 close_vs_ema200 order_score slow_slope_12 volume_ratio volume_z vol_ratio_mean8 atr_pct atr_pct_ratio96 pre_range48 pre_range168 drawdown24 ret_4 ret_12 ret_24 ret_48
feature_infos=[0.00033275013459889999:0.12885330852833299] [0.00074750963067460004:0.13542649592224451] [1.582162478436397e-06:0.099064702351460296] [1:54.749300784260498] [0.00057285478358450005:0.081943895656488505] [0.0006597783578857:0.046096884217622099] [-0.015770826672957702:0.1177898992333303] [-0.0403228495680268:0.099521316822172898] [0:1] [0:97] [0:1] [-0.1143185036597659:0.1211940306476455] [-0.1143185036597659:0.29110947914856289] [-0.1210028350989623:0.2917567913953929] [0:4] [-0.0141658647262337:0.013278146426436601] [0.035335482209335897:16.307275153147657] [-1.2503193947355371:9.6411250216589295] [0.1979254721763935:5.4439543310955036] [0.0015490663724335:0.064492329154473699] [0.47796285058815718:4.4686070725483251] [0.0092384459162212999:0.54043392504930954] [0.015191435828051899:1.1462899392659096] [0:0.26166995397764609] [-0.1276595744680851:0.2428506991429859] [-0.13766730401529631:0.33059687077457961] [-0.143927355278093:0.31012119923453119] [-0.13318980983135989:0.4517386722866174]
tree_sizes=1470 1509 1506 1512 1517 1529 1529 1522 1514 1527 1534 1528 1513 1529 1526 1527 1531 1534 1534 1537 1525 1530 1533 1526 1535 1520 1535 1527 1538 1522 1529 1530 1535 1535 1536 1531 1527 1524

Tree=0
num_leaves=15
num_cat=0
split_feature=14 5 27 18 19 5 25 15 22 22 19 8 19 20
split_gain=0.198862 0.024954 0.026059 0.0102873 0.00787009 0.00484399 0.00547676 0.0083404 0.00352463 0.00632715 0.0033413 0.00321717 0.00303801 0.00237569
threshold=1.5000000000000002 0.008846087387099702 0.044156827566952307 1.0255181922469727 0.0093222409743202519 0.0070130585377848513 0.029599266592039004 0.0011538551596977501 0.074301272573718061 0.10705908026341981 0.0058190977020709514 0.4219651615690761 0.0066311034536826003 1.5232561508351199
decision_type=2 2 2 2 2 2 2 2 2 2 2 2 2 2
left_child=4 3 -3 12 -1 6 7 10 -8 -10 -5 -12 -2 -6
right_child=1 2 -4 5 13 -7 8 -9 9 -11 11 -13 -14 -15
leaf_value=0.0026812173424956946 0.0039681790296795761 0.0056990303553400411 0.003883689230147481 0.0034191837849300633 0.0020393305679383641 0.0041920463696322888 0.0028432288860107246 0.0043810654757156908 0.0039716022368838557 0.0029914861147356019 0.003466708312504094 0.0041170689181244148 0.0044741119726961565 0.0026019829614573565
leaf_weight=403 86 37 43 120 76 37 31 39 32 32 34 44 51 31
leaf_count=403 86 37 43 120 76 37 31 39 32 32 34 44 51 31
internal_value=0.00329829 0.00392612 0.0047425 0.00379446 0.0025771 0.00365543 0.00359314 0.00372125 0.0032725 0.0034843 0.00358653 0.00383924 0.00416364 0.00219434
internal_weight=1096 586 80 506 510 369 332 237 95 64 198 78 137 107
internal_count=1096 586 80 506 510 369 332 237 95 64 198 78 137 107
is_linear=0
shrinkage=1


Tree=1
num_leaves=15
num_cat=0
split_feature=14 23 18 21 26 21 21 25 19 19 15 4 18 20
split_gain=0.177584 0.0209807 0.027836 0.0250623 0.0147568 0.0113883 0.00834954 0.00491299 0.00582403 0.00435725 0.00421726 0.00419416 0.00191295 0.00135173
threshold=1.5000000000000002 0.0085733457660101525 2.3429276442788214 0.074497965486625309 0.054229281916322009 0.058710464526150453 0.066086530503386767 0.032093611956312058 0.0055862389737107504 0.0094904191972433518 -0.00025289010972344997 0.0052592653820684012 1.0141602713168922 1.4965919503973391
decision_type=2 2 2 2 2 2 2 2 2 2 2 2 2 2
left_child=6 4 3 11 5 7 -1 8 12 -7 -10 -3 -2 -8
right_child=1 2 -4 -5 -6 9 13 -9 10 -11 -12 -13 -14 -15
leaf_value=-0.00056783673748267947 0.00051251966365656451 0.0006357291688848483 -1.9668636079400013e-05 0.0027624985608722895 -0.0005823509799401191 0.00066970931138712333 -0.0012324375669973402 -0.00012044332921504974 0.0003049311899961508 0.0015281695174053313 0.00089449816474296653 0.0014205147153375406 0.0001629543970682521 -0.00077624098207293587
leaf_weight=403 58 37 38 30 32 31 64 39 46 33 97 36 121 32
leaf_count=403 58 37 38 30 32 31 64 39 46 33 97 36 121 32
internal_value=2.54294e-05 0.000606097 0.00113794 0.0015611 0.00043988 0.000518034 -0.000670261 0.000406889 0.000470934 0.00112905 0.000708282 0.00103671 0.000278439 -0.00108994
internal_weight=1097 598 141 103 457 425 499 361 322 64 143 73 179 96
internal_count=1097 598 141 103 457 425 499 361 322 64 143 73 179 96
is_linear=0
shrinkage=0.05


Tree=2
num_leaves=15
num_cat=0
split_feature=14 10 20 19 25 19 1 21 19 15 6 18 25 1
split_gain=0.156771 0.0192863 0.0224428 0.0177119 0.00790129 0.0115071 0.00746164 0.00597868 0.0051646 0.00507703 0.00494938 0.0024846 0.00180675 0.00210737
threshold=1.5000000000000002 0.072916666666666671 1.3568156250365215 0.011731785177610752 0.028143666758984453 0.0058720032427021507 0.017767470550273903 0.066086530503386767 0.0070286613401819515 -0.00035840646768264996 0.013538484199640401 1.40266785882237 0.015362863125782002 0.0051697700796948009
decision_type=2 2 2 2 2 2 2 2 2 2 2 2 2 2
left_child=7 2 3 8 5 12 -6 -1 -2 -7 -8 -11 13 -3
right_child=1 4 -4 -5 6 9 10 -9 -10 11 -12 -13 -14 -15
leaf_value=-0.00057273589101803572 0.00043966603245115202 6.1573966273239692e-06 -8.9690364580342766e-05 0.0023648352689633612 -0.00044725209889293185 0.00040178260932470739 0.0007596875198133704 -0.0010154229258763192 0.0012532360666929828 0.00084622708813252836 -9.2351153337707126e-05 0.0014464029163222718 2.96548686244271e-06 0.00046259716363045194
leaf_weight=410 32 34 35 31 49 42 35 96 56 53 32 32 54 98
leaf_count=410 32 34 35 31 49 42 35 96 56 53 32 32 54 98
internal_value=-1.53052e-05 0.000543164 0.00102187 0.00134682 0.000369345 0.000499618 1.65689e-05 -0.000658561 0.000965657 0.000864877 0.00035737 0.00108637 0.000246929 0.00034596
internal_weight=1089 583 154 119 429 313 116 506 88 127 67 85 186 132
internal_count=1089 583 154 119 429 313 116 506 88 127 67 85 186 132
is_linear=0
shrinkage=0.05


Tree=3
num_leaves=15
num_cat=0
split_feature=14 5 8 13 23 25 19 19 21 7 27 13 19 19
split_gain=0.149001 0.019596 0.0288369 0.0135448 0.0124535 0.00789872 0.00978256 0.00575009 0.00514559 0.00282907 0.00219985 0.00257573 0.00256628 0.00207586
threshold=1.5000000000000002 0.006742662941809501 0.77964773578492264 0.050294958635496559 0.007317937563639151 0.028491182020722303 0.0056266064839765014 0.011449136634996653 0.057939190024317709 0.0085106064875662014 0.015294775722152801 0.019882153822310802 0.0063318666331074009 0.0048471061934638503
decision_type=2 2 2 2 2 2 2 2 2 2 2 2 2 2
left_child=7 5 4 -4 -3 6 -2 13 9 -7 12 -12 -8 -1
right_child=1 2 3 -5 -6 8 10 -9 -10 -11 11 -13 -14 -15
leaf_value=-0.00035601804383235793 0.0002326965456627108 0.001024277022460828 0.00088388950366061192 -0.00042382287898693578 0.002364496726733752 0.00057209483660919814 0.00059020289868515522 -0.0010731318126237321 -0.00049806012409842678 -8.5394108442194544e-05 0.00036136690594088449 0.00094172652330129383 0.0011885043367867035 -0.00061420514616845239
leaf_weight=108 184 36 49 32 38 32 34 61 35 32 56 30 48 337
leaf_count=108 184 36 49 32 38 32 34 61 35 32 56 30 48 337
internal_value=1.54946e-05 0.000543965 0.0010277 0.000368394 0.00173485 0.000375808 0.000486499 -0.000617242 -1.86904e-05 0.000247094 0.000761451 0.000572315 0.000950528 -0.000552483
internal_weight=1112 606 155 81 74 451 352 506 99 64 168 86 82 445
internal_count=1112 606 155 81 74 451 352 506 99 64 168 86 82 445
is_linear=0
shrinkage=0.05


Tree=4
num_leaves=15
num_cat=0
split_feature=14 26 5 19 5 11 0 12 19 22 13 22 18 23
split_gain=0.13355 0.0124894 0.0257363 0.00812606 0.00541262 0.00990145 0.0117532 0.00631595 0.00898813 0.0052958 0.00434103 0.00313827 0.00243245 0.00229305
threshold=1.5000000000000002 0.079906600762142066 0.010980245196220302 0.0094342635892307024 0.0059962804136697509 0.012776782716424752 0.013070083130331202 0.015220420372506002 0.0054795690298454509 0.094000481287331114 0.0081487211108434519 0.075876172341842671 1.7738240436455897 0.0027192499232842004
decision_type=2 2 2 2 2 2 2 2 2 2 2 2 2 2
left_child=3 2 4 -1 7 6 -6 8 -2 11 -10 13 -5 -9
right_child=1 -3 -4 12 5 -7 -8 9 10 -11 -12 -13 -14 -15
leaf_value=-0.00051536475154718531 0.00027116420601754835 -0.00049299575527378869 0.0019210637845390012 -0.0012100190984515044 0.0010105115298012441 0.0013001879307736016 -0.00010802429352028698 -0.00011316799698397518 0.00055473033774077255 -0.00036357479975344009 0.0012715553274999063 0.00063186862653522035 -0.00065579517791371071 0.00042431046657094904
leaf_weight=410 135 30 31 64 43 48 50 49 45 41 44 42 35 32
leaf_count=410 135 30 31 64 43 48 50 49 45 41 44 42 35 32
internal_value=-2.30556e-05 0.000488517 0.000541883 -0.000615833 0.00045759 0.000722975 0.000414396 0.000359537 0.000531626 0.000122691 0.000919307 0.000286405 -0.0010226 0.000101754
internal_weight=1099 590 560 509 529 141 93 388 224 164 89 123 99 81
internal_count=1099 590 560 509 529 141 93 388 224 164 89 123 99 81
is_linear=0
shrinkage=0.05


Tree=5
num_leaves=15
num_cat=0
split_feature=14 13 5 5 25 19 23 19 6 22 15 16 19 24
split_gain=0.119054 0.0108484 0.0263718 0.00669885 0.00526092 0.00788169 0.00544847 0.00461879 0.00362575 0.0023584 0.00185051 0.00174419 0.00215658 0.00154903
threshold=1.5000000000000002 0.050294958635496559 0.010980245196220302 0.0068902898733047505 0.028491182020722303 0.0056266064839765014 0.0015670786489654003 0.011449136634996653 0.0062098021642326513 0.095778071231221271 -0.00052733211383439985 3.038831614337584 0.0048471061934638503 0.008106744507478553
decision_type=2 2 2 2 2 2 2 2 2 2 2 2 2 2
left_child=7 2 3 4 5 13 -6 11 -5 10 -7 12 -1 -2
right_child=1 -3 -4 8 6 9 -8 -9 -10 -11 -12 -13 -14 -15
leaf_value=-0.00032284958709386137 0.00035022652260315555 -0.00027023987969123693 0.0019533017781213856 0.0013234888581791894 0.0005175380129225143 0.00049804045514011868 -0.00023043633239770622 -0.00096092547764177038 0.00058138303731272863 0.00038749555107376471 0.00096082365771214806 -0.0002132266276964435 -0.0005928552880054682 2.6355467357293322e-05
leaf_weight=104 122 42 31 31 40 33 59 59 40 40 92 53 298 53
leaf_count=104 122 42 31 31 40 33 59 59 40 40 92 53 298 53
internal_value=9.84719e-06 0.000498536 0.000558607 0.000470175 0.000395616 0.000488793 7.39288e-05 -0.000544335 0.000919283 0.000736008 0.000843571 -0.000488327 -0.000523978 0.000252847
internal_weight=1097 583 541 510 439 340 99 514 71 165 125 455 402 175
internal_count=1097 583 541 510 439 340 99 514 71 165 125 455 402 175
is_linear=0
shrinkage=0.05


Tree=6
num_leaves=15
num_cat=0
split_feature=14 5 6 19 19 25 19 19 22 12 13 4 0 8
split_gain=0.119676 0.0284683 0.00811047 0.00828318 0.00590956 0.00588581 0.00923152 0.00370087 0.00459871 0.00304756 0.00383839 0.00244873 0.00178041 0.00212111
threshold=1.5000000000000002 0.010980245196220302 0.015836037916867652 0.010836578209956501 0.011449136634996653 0.028491182020722303 0.0056266064839765014 0.0085435240744570016 0.074301272573718061 0.015440729399360552 0.022230078090394501 0.0050844001253792011 0.0079690628740239026 0.99990288565231988
decision_type=2 2 2 2 2 2 2 2 2 2 2 2 2 2
left_child=4 2 3 5 12 6 -2 8 -7 11 -11 -8 -1 -14
right_child=1 -3 -4 -5 -6 7 9 -9 -10 10 -12 -13 13 -15
leaf_value=-0.00037527485116523631 0.00022556460076603442 0.0016678924874844487 -0.00038217265879915608 0.0011043418550656901 -0.0010030412876627362 -0.00012574665118282772 0.00071331242658892902 -0.00034148861879274543 0.00071913047722773629 0.00022865775282736179 0.00092178422562552232 0.0012532669723638009 -0.00069206447641081211 -0.00033970117202348344
leaf_weight=234 180 48 30 44 60 33 66 37 30 53 32 36 140 66
leaf_count=234 180 48 30 44 60 33 66 37 30 53 32 36 140 66
internal_value=2.99597e-05 0.000512495 0.000407095 0.000454088 -0.000538356 0.000390593 0.000483034 4.99118e-05 0.000281526 0.000728347 0.000497284 0.000914202 -0.000472859 -0.000581358
internal_weight=1089 589 541 511 500 467 367 100 63 187 85 102 440 206
internal_count=1089 589 541 511 500 467 367 100 63 187 85 102 440 206
is_linear=0
shrinkage=0.05


Tree=7
num_leaves=15
num_cat=0
split_feature=12 18 19 13 5 19 21 23 21 7 1 19 19 21
split_gain=0.0921757 0.0129711 0.0184542 0.00711983 0.0177728 0.0075901 0.00417805 0.00466266 0.00275978 0.00343545 0.00250532 0.00214723 0.002092 0.00424256
threshold=1.0000000180025095e-35 1.0255181922469727 0.0092676969632423511 0.050294958635496559 0.006954363789205901 0.0095944630851224014 0.059473232359719262 0.0056527381556966015 0.066086530503386767 0.018210014620435054 0.0096786243435907013 0.0054208229918990504 0.0056266064839765014 0.042921983173740554
decision_type=2 2 2 2 2 2 2 2 2 2 2 2 2 2
left_child=8 2 11 4 6 -6 7 12 -1 -10 -9 -2 -3 -14
right_child=1 3 -4 -5 5 -7 -8 10 9 -11 -12 -13 13 -15
leaf_value=-0.00041884546410246056 0.00031196629624592807 1.7819572635094768e-05 0.0018815805486431629 -0.00031725197264296547 0.0005806212819048337 0.0016893033651755223 -0.00018229999386676354 0.00026117130037164318 -0.00089516004050771392 -0.00026545559221906871 0.00085189629375855339 0.000738171221526114 0.00072691499022766956 3.8272792321199985e-05
leaf_weight=401 58 111 32 42 34 30 55 31 74 32 46 65 39 51
leaf_count=401 58 111 32 42 34 30 55 31 74 32 46 65 39 51
internal_value=1.38324e-05 0.000436162 0.000828317 0.000296133 0.00036166 0.00111831 0.000213325 0.000291968 -0.000480852 -0.000709318 0.000620469 0.000541333 0.000163676 0.000341393
internal_weight=1101 594 155 439 397 64 333 278 507 106 77 123 201 90
internal_count=1101 594 155 439 397 64 333 278 507 106 77 123 201 90
is_linear=0
shrinkage=0.05


Tree=8
num_leaves=15
num_cat=0
split_feature=14 23 18 21 26 19 19 15 22 13 19 23 4 18
split_gain=0.0914032 0.0115301 0.0203913 0.0164905 0.00911302 0.0103079 0.00522363 0.00465286 0.00659611 0.00428113 0.00280906 0.00285636 0.00241702 0.00152518
threshold=1.5000000000000002 0.0085733457660101525 2.4231920400524962 0.071348921511710919 0.056993777596322508 0.010674463555362753 0.011449136634996653 0.0011538551596977501 0.079404514092239406 0.019660597001513954 0.004899529067375551 0.0038491008855905001 0.0052592653820684012 0.88624954940849421
decision_type=2 2 2 2 2 2 2 2 2 2 2 2 2 2
left_child=6 4 3 12 5 7 -1 9 -9 10 -2 13 -3 -12
right_child=1 2 -4 -5 -6 -7 -8 8 -10 -11 11 -13 -14 -15
leaf_value=-0.00041778611448782717 0.00011147733282503057 0.00042879737201005673 -0.00019513296695160016 0.0021806726153309067 -0.00048280538334934548 0.0012184234966030893 -0.00092309933329411489 0.00025709663526728176 0.0011408669741924955 -0.0002125217119286464 0.0003043749593123193 0.0001632330794503408 0.0010527842904308013 0.00075307780958061652
leaf_weight=440 117 32 34 30 32 33 58 51 36 48 30 59 34 62
leaf_count=440 117 32 34 30 32 33 58 51 36 48 30 59 34 62
internal_value=2.14691e-05 0.000437827 0.000853198 0.00122267 0.000320872 0.000380828 -0.00047837 0.000309394 0.000631603 0.000218972 0.000296758 0.000438642 0.000761161 0.000611608
internal_weight=1096 598 130 96 468 436 498 403 87 316 268 151 66 92
internal_count=1096 598 130 96 468 436 498 403 87 316 268 151 66 92
is_linear=0
shrinkage=0.05


Tree=9
num_leaves=15
num_cat=0
split_feature=12 5 13 19 18 19 21 23 20 8 27 13 17 2
split_gain=0.0804955 0.0134065 0.016122 0.0118394 0.00430824 0.00373138 0.00342019 0.00264442 0.00259264 0.00249477 0.00216803 0.00263452 0.00163668 0.00161724
threshold=1.0000000180025095e-35 0.006742662941809501 0.050294958635496559 0.011121277992737202 1.1664242731807286 0.0093222409743202519 0.065531001782020357 0.0054494395623016509 1.1457534815627077 0.70785705880796856 0.0097332496892211014 0.010962381814584801 0.26016664379936139 0.0042668448074169004
decision_type=2 2 2 2 2 2 2 2 2 2 2 2 2 2
left_child=5 4 3 9 8 12 7 13 10 -3 -2 -12 -1 -6
right_child=1 2 -4 -5 6 -7 -8 -9 -10 -11 11 -13 -14 -15
leaf_value=-0.00046075685497302314 0.00056417443699991474 0.00099468247081415783 -0.00011264641555802276 0.0017970249658768496 -2.6547749500120216e-05 -0.00071705365143526038 -0.00028422468782921966 0.00046531401821994225 0.00080897612578430505 0.00039451535849366337 0.00042873025930020961 -0.0001811035821447149 -0.00024966005307846298 0.00028993017429456818
leaf_weight=235 64 38 35 40 95 103 38 75 42 35 39 31 158 69
leaf_count=235 64 38 35 40 95 103 38 75 42 35 39 31 158 69
internal_value=2.22647e-05 0.000411054 0.000822939 0.00111117 0.000274971 -0.000448709 0.000151171 0.000221293 0.00046786 0.000716151 0.000355742 0.000159914 -0.000376737 0.000107555
internal_weight=1097 601 148 113 453 496 277 239 176 73 134 70 393 164
internal_count=1097 601 148 113 453 496 277 239 176 73 134 70 393 164
is_linear=0
shrinkage=0.05


Tree=10
num_leaves=15
num_cat=0
split_feature=12 10 6 13 11 19 21 1 22 21 8 18 23 11
split_gain=0.0686681 0.00889545 0.0100589 0.00738616 0.00731184 0.00891149 0.00536453 0.00357373 0.00455123 0.00319612 0.00269699 0.00235802 0.00201832 0.00147928
threshold=1.0000000180025095e-35 0.072916666666666671 0.0077234866086514009 0.040401677378938954 0.0060660392845083505 0.0058190977020709514 0.051135879437554606 0.019676448880153054 0.085488296761286206 0.066086530503386767 0.82453488984787038 2.285804439318639 0.00092793885375870013 0.0040396310999682508
decision_type=2 2 2 2 2 2 2 2 2 2 2 2 2 2
left_child=9 2 6 -4 5 13 -2 8 10 -1 12 -11 -6 -3
right_child=1 4 3 -5 7 -7 -8 -9 -10 11 -12 -13 -14 -15
leaf_value=-0.00038369375729305877 0.00057991069737791778 0.00031802598404292353 0.00063698986419088522 -0.00029668645707495286 0.00052054431555526601 0.00093797882676996771 0.0014951196790207177 0.00037412177501617661 -0.00054006183813837163 -0.00085751171805491645 -0.00023428444005548955 -0.00032090515487652742 3.2442851754074747e-05 -4.6826458762949099e-05
leaf_weight=409 30 100 59 32 34 62 39 57 40 71 49 31 54 38
leaf_count=409 30 100 59 32 34 62 39 57 40 71 49 31 54 38
internal_value=-2.34003e-05 0.000341922 0.000659694 0.000309008 0.000223524 0.000444712 0.00111117 3.3386e-05 -7.78278e-05 -0.000447899 6.00666e-05 -0.000699124 0.000224757 0.000217945
internal_weight=1105 594 160 91 434 200 69 234 177 511 137 102 88 138
internal_count=1105 594 160 91 434 200 69 234 177 511 137 102 88 138
is_linear=0
shrinkage=0.05


Tree=11
num_leaves=15
num_cat=0
split_feature=12 10 23 6 19 25 19 15 0 8 19 23 12 23
split_gain=0.063837 0.0125833 0.0182988 0.013554 0.0111492 0.00426677 0.00668406 0.00437577 0.00249777 0.00345474 0.00197994 0.00188547 0.00197472 0.00180333
threshold=1.0000000180025095e-35 1.0000000180025095e-35 0.0085733457660101525 0.015836037916867652 0.010293089852771851 0.026634679654520352 0.0054619094485239003 0.00066508746875390014 0.011146045815115852 0.99990288565231988 0.0090258498824702018 0.006195750339804751 0.015220420372506002 0.0038491008855905001
decision_type=2 2 2 2 2 2 2 2 2 2 2 2 2 2
left_child=8 2 -2 4 5 6 -3 11 10 -10 -1 12 -8 -7
right_child=1 3 -4 -5 -6 13 7 -9 9 -11 -12 -13 -14 -15
leaf_value=-0.00036692138750535938 0.00026208402158939568 0.00010984896544177464 0.0017483619318620581 -0.00069722680948741201 0.00109195735848368 -0.00018298643786903891 0.00075166973784203145 0.00094214926402156176 -0.00075904683214659348 -0.0002955064909959523 5.5883691135433423e-05 0.00010658030358258874 0.00021348416640032684 0.00024598508393146881
leaf_weight=324 48 166 36 34 42 68 42 51 98 71 30 41 30 37
leaf_count=324 48 166 36 34 42 68 42 51 98 71 30 41 30 37
internal_value=-5.70361e-06 0.00034825 0.000912135 0.000253956 0.000323072 0.0002465 0.0003346 0.000560048 -0.000408281 -0.000567189 -0.000331034 0.000380844 0.000533422 -3.09305e-05
internal_weight=1118 595 84 511 477 435 330 164 523 169 354 113 72 105
internal_count=1118 595 84 511 477 435 330 164 523 169 354 113 72 105
is_linear=0
shrinkage=0.05


Tree=12
num_leaves=15
num_cat=0
split_feature=14 23 18 8 18 6 0 19 22 27 25 19 6 20
split_gain=0.0570253 0.0084826 0.0133252 0.00568278 0.00801316 0.00463393 0.0090341 0.0032406 0.00273286 0.00295365 0.00225732 0.00291143 0.00204379 0.00196401
threshold=1.5000000000000002 0.0085733457660101525 1.0255181922469727 0.52868360717233143 2.6305026667079017 0.013538484199640401 0.016165779928883305 0.0092676969632423511 0.079231617402403656 0.018763147128855004 0.030270329803381252 0.0058720032427021507 0.0061552320190725509 1.5232561508351199
decision_type=2 2 2 2 2 2 2 2 2 2 2 2 2 2
left_child=7 5 -3 -4 -5 6 8 -1 10 -10 11 -2 -13 -9
right_child=1 2 3 4 -6 -7 -8 13 9 -11 -12 12 -14 -15
leaf_value=-0.00031763559793208913 6.4742243236206944e-05 0.0014211522770069896 -0.00017897821688915 0.0011301966599098201 4.9944805334020846e-05 -0.00024853770335776852 0.0010894694183662069 -0.00076359483676078992 0.00070927292457781735 0.00018058343468849565 -0.00027372100157663226 0.00021614971067364147 0.0007510172180651177 -0.00028553142946100598
leaf_weight=396 171 41 33 35 33 45 31 77 49 58 30 45 30 32
leaf_count=396 171 41 33 35 33 45 31 77 49 58 30 45 30 32
internal_value=5.7156e-06 0.00033457 0.000671247 0.000355882 0.000614278 0.000229181 0.00028158 -0.000385542 0.000213523 0.000427019 0.000129512 0.000179595 0.000437163 -0.000627118
internal_weight=1106 601 142 101 68 459 414 505 383 107 276 246 75 109
internal_count=1106 601 142 101 68 459 414 505 383 107 276 246 75 109
is_linear=0
shrinkage=0.05


Tree=13
num_leaves=15
num_cat=0
split_feature=14 10 6 5 19 5 25 19 15 21 1 7 19 21
split_gain=0.0558213 0.0111094 0.00877377 0.0112583 0.0082117 0.00725255 0.00601219 0.0060874 0.00516956 0.00313269 0.00203135 0.00187857 0.00157126 0.00151795
threshold=1.0000000180025095e-35 1.0000000180025095e-35 0.015836037916867652 0.0058428285399873001 0.0096521593359470016 0.010749930926750551 0.028373923193071252 0.0054795690298454509 -0.00035840646768264996 0.066086530503386767 0.017767470550273903 0.018210014620435054 0.0075255991419067502 0.059473232359719262
decision_type=2 2 2 2 2 2 2 2 2 2 2 2 2 2
left_child=9 5 3 6 -5 -2 7 -3 -9 13 -8 -11 -10 -1
right_child=1 2 -4 4 -6 -7 10 8 12 11 -12 -13 -14 -15
leaf_value=-0.00032796575812887234 0.0003808109995975912 8.636644858085476e-05 -0.00047008864581958056 0.00034234465292312818 0.0012923712446354331 0.0012668327557288908 -0.00040971109989728347 0.00012553059341371408 0.00058417724385435583 -0.00075815723044797784 0.00011380947525462798 -0.00027771730710810519 0.0010422737686894834 2.9831163578130533e-05
leaf_weight=376 46 173 38 48 44 48 46 53 63 69 30 31 31 32
leaf_count=376 46 173 38 48 44 48 46 53 63 69 30 31 31 32
internal_value=2.54851e-05 0.000343622 0.000253162 0.000310327 0.000805716 0.00084182 0.000193497 0.000288307 0.000523775 -0.000362705 -0.000204264 -0.000613445 0.000744633 -0.000299899
internal_weight=1128 620 526 488 92 94 396 320 147 508 76 100 94 408
internal_count=1128 620 526 488 92 94 396 320 147 508 76 100 94 408
is_linear=0
shrinkage=0.05


Tree=14
num_leaves=15
num_cat=0
split_feature=14 12 21 21 16 10 25 12 16 23 20 2 7 23
split_gain=0.0467184 0.00905128 0.0237935 0.00292363 0.00235702 0.00275087 0.00329453 0.00326793 0.00206159 0.00194953 0.00193304 0.00189529 0.00175997 0.00116704
threshold=1.5000000000000002 0.064927562725357019 0.078420737228808213 0.066086530503386767 3.038831614337584 0.072916666666666671 0.033850304181810405 0.026040181109175255 4.6670308451761384 0.0089170035644691014 1.0776784626018838 0.0032525219455342503 0.020219641011392255 0.0013745039050015503
decision_type=2 2 2 2 2 2 2 2 2 2 2 2 2 2
left_child=3 2 4 -1 5 7 9 -2 -6 10 13 -12 -5 -7
right_child=1 -3 -4 12 8 6 -8 -9 -10 -11 11 -13 -14 -15
leaf_value=-0.00030304443148231514 0.00029229850505847331 -0.00053838290587009401 0.0013695108096580953 -0.00072214130011587587 -0.00026839487919850011 -0.00010828421415580023 -0.00017656597821992271 0.00093466154479932408 0.00026925064983867832 0.0005637203431143326 0.00010857131816698491 0.00057558357139465735 -0.00026536979821685237 0.00018778004282816814
leaf_weight=411 59 31 49 78 41 44 48 30 30 46 36 56 31 129
leaf_count=411 59 31 49 78 41 44 48 30 30 46 36 56 31 129
internal_value=-1.90663e-05 0.000281735 0.000327363 -0.000365442 0.000226526 0.000268863 0.000206131 0.000516805 -4.06363e-05 0.000265573 0.000211895 0.000395972 -0.000595827 0.000112291
internal_weight=1119 599 568 520 519 448 359 89 71 311 265 92 109 173
internal_count=1119 599 568 520 519 448 359 89 71 311 265 92 109 173
is_linear=0
shrinkage=0.05


Tree=15
num_leaves=15
num_cat=0
split_feature=14 12 5 16 11 19 16 23 1 19 11 24 23 7
split_gain=0.0400949 0.0130304 0.0250745 0.00427867 0.00463613 0.00402572 0.00362202 0.00302917 0.00266922 0.00251242 0.00193004 0.00219306 0.00181397 0.00140943
threshold=2.5000000000000004 0.064927562725357019 0.010980245196220302 2.8657136818395625 0.014522622387554352 0.010417276880669452 4.7590951371022676 0.0089170035644691014 0.014464003304424001 0.011449136634996653 0.0087890248686072515 0.009792517436496501 0.0024797962328228502 -0.00019599577816929999
decision_type=2 2 2 2 2 2 2 2 2 2 2 2 2 2
left_child=9 2 3 4 5 7 -5 8 10 -1 11 13 -10 -2
right_child=1 -3 -4 6 -6 -7 -8 -9 12 -11 -12 -13 -14 -15
leaf_value=-0.00028322633438016313 0.00040333006245953801 -0.00069982475470169452 0.001562393676244821 -0.00041368824493561297 0.00072636510993010904 -0.00027196075251725106 0.00029932923855320099 0.00064172642832657084 0.00018612425624122544 -0.0006470480567292759 -0.00019625366249653912 0.00051083015834750686 0.00069852789208446424 4.0161236478969108e-05
leaf_weight=451 33 31 38 41 56 34 30 52 30 53 34 45 43 126
leaf_count=451 33 31 38 41 56 34 30 52 30 53 34 45 43 126
internal_value=4.85258e-06 0.000283312 0.000338688 0.000247139 0.000303621 0.000242314 -0.00011244 0.000291098 0.000230603 -0.000322691 0.000148297 0.000206399 0.000493312 0.000117586
internal_weight=1097 593 562 524 453 397 71 363 311 504 238 204 73 159
internal_count=1097 593 562 524 453 397 71 363 311 504 238 204 73 159
is_linear=0
shrinkage=0.05


Tree=16
num_leaves=15
num_cat=0
split_feature=14 10 23 21 19 6 2 15 21 6 21 19 6 18
split_gain=0.039615 0.00810161 0.0184088 0.00756852 0.00546331 0.00381775 0.00280863 0.00287595 0.00415576 0.00276146 0.00264168 0.00260132 0.00177551 0.00137009
threshold=1.0000000180025095e-35 1.0000000180025095e-35 0.0081575575050288531 0.087995045789383622 0.010594151436036302 0.010303651248107603 0.0045927530356351508 -0.00029030105018094991 0.031738162335177206 0.0057603323566717008 0.066086530503386767 0.0053886271612571509 0.0035123551064814504 1.8788700264088583
decision_type=2 2 2 2 2 2 2 2 2 2 2 2 2 2
left_child=10 2 -2 4 5 6 7 8 -3 -8 -1 12 -9 -12
right_child=1 3 -4 -5 -6 -7 9 11 -10 -11 13 -13 -14 -15
leaf_value=-0.00028310625336656523 3.8024649140425034e-05 0.00027326750124403689 0.001474690840511424 -0.00058047095432900073 0.00077889710607961186 -0.00018706039723289747 0.00023201782231856334 0.0002503920895313578 -0.00045542626047431127 0.00067731024260354932 -0.00069462040399896434 0.00046505500568070593 -0.00021224307646561 -0.00030919830195414713
leaf_weight=401 49 35 40 30 40 62 94 48 42 56 70 72 35 38
leaf_count=401 49 35 40 30 40 62 94 48 42 56 70 72 35 38
internal_value=-1.90354e-05 0.000254965 0.000692928 0.000177933 0.000226042 0.000174596 0.00023363 0.000123742 -0.000124945 0.000401645 -0.000343501 0.000247292 5.51007e-05 -0.00056309
internal_weight=1112 603 89 514 484 444 382 232 77 150 509 155 83 108
internal_count=1112 603 89 514 484 444 382 232 77 150 509 155 83 108
is_linear=0
shrinkage=0.05


Tree=17
num_leaves=15
num_cat=0
split_feature=14 5 23 26 22 7 22 19 2 7 5 21 10 26
split_gain=0.0357321 0.00758757 0.00629309 0.00623767 0.00597593 0.00406673 0.00349367 0.00415346 0.00288637 0.00237693 0.00221341 0.00242361 0.00220757 0.00266534
threshold=1.0000000180025095e-35 0.006692529844630651 0.0085733457660101525 0.051789055515682657 0.12010346015609592 0.0085106064875662014 0.11524828882351326 0.0075011990853136009 0.0070509962016766011 0.0035521757853756004 0.0028325278718837501 0.031537229554100855 0.30208333333333343 -0.019222879427672847
decision_type=2 2 2 2 2 2 2 2 2 2 2 2 2 2
left_child=12 5 3 -3 -4 6 7 10 -7 -9 11 -2 13 -1
right_child=1 2 4 -5 -6 8 -8 9 -10 -11 -12 -13 -14 -15
leaf_value=-0.00049397333176491197 0.0001794195229399056 0.00061706204305995603 0.0004314991179853678 -0.00027234993861883041 0.0014202911790241214 0.00013287313899176348 -0.00022430510914607629 0.00097151768483942549 -0.00050664188285522605 0.0003404161106421574 0.00033510393692076358 -0.00031062790579145416 -0.00016665660407549392 -0.00018197662781227616
leaf_weight=188 97 54 30 30 33 36 36 30 33 32 151 33 209 110
leaf_count=188 97 54 30 30 33 36 36 30 33 32 151 33 209 110
internal_value=1.56874e-05 0.000278291 0.000588932 0.000299948 0.000963537 0.000175277 0.000239498 0.000288687 -0.00017585 0.000656362 0.000205523 5.36013e-05 -0.000292438 -0.000379801
internal_weight=1102 595 147 84 63 448 379 343 69 62 281 130 507 298
internal_count=1102 595 147 84 63 448 379 343 69 62 281 130 507 298
is_linear=0
shrinkage=0.05


Tree=18
num_leaves=15
num_cat=0
split_feature=12 10 23 26 5 24 18 25 12 19 23 27 25 22
split_gain=0.0335222 0.00535521 0.00902847 0.00446229 0.00569356 0.00323176 0.00422041 0.00321464 0.00299187 0.00388375 0.00316326 0.00280239 0.00194061 0.00181988
threshold=-0.0015476504872314497 1.0000000180025095e-35 0.0085733457660101525 0.042655341755809408 0.0052307816038927512 0.011943666082212251 0.96712156826447881 0.054677547570304512 0.015440729399360552 0.0059340468219857513 0.0017042707487837502 0.025679186231056351 0.012479968975501051 0.080189584376212472
decision_type=2 2 2 2 2 2 2 2 2 2 2 2 2 2
left_child=13 2 -2 4 8 6 -6 -5 9 -3 -10 -12 -11 -1
right_child=1 3 -4 7 5 -7 -8 -9 10 12 11 -13 -14 -15
leaf_value=-0.00021645336866487003 0.00014646763940655378 0.00012536120858141391 0.0011671222531003879 -0.00050471065899457886 0.00076022337776638813 0.00095558736868190113 -6.955499880977216e-05 0.00018115292477887125 0.00023088615377094934 0.00031431956757741218 1.868504867259715e-05 -0.00062935709795584123 0.00087220501004447873 -0.00040943869777644679
leaf_weight=283 48 163 39 36 30 36 30 31 54 35 36 30 30 221
leaf_count=283 48 163 39 36 30 36 30 31 54 35 36 30 30 221
internal_value=-1.65293e-06 0.000251327 0.000612066 0.000188834 0.000246204 0.000585231 0.000350995 -0.000189374 0.00015127 0.000257262 -5.05784e-05 -0.000280876 0.000581119 -0.000301719
internal_weight=1102 598 87 511 444 96 60 67 348 228 120 66 65 504
internal_count=1102 598 87 511 444 96 60 67 348 228 120 66 65 504
is_linear=0
shrinkage=0.05


Tree=19
num_leaves=15
num_cat=0
split_feature=14 12 5 15 2 19 2 11 25 19 1 20 15 25
split_gain=0.0284213 0.00801253 0.0207689 0.00439696 0.0030516 0.00358651 0.00330614 0.00240815 0.00354503 0.0022737 0.0022496 0.00198162 0.00140258 0.00134719
threshold=1.0000000180025095e-35 0.060169015332307757 0.010980245196220302 0.0021471510156331006 0.0093775515577958022 0.0082967514490664505 0.0077877581440326006 0.015599523184238151 0.026175212746097156 0.0058720032427021507 0.025547307183111805 1.0642338049985198 -0.00013801414419844997 0.017182970439492951
decision_type=2 2 2 2 2 2 2 2 2 2 2 2 2 2
left_child=10 2 3 4 6 -6 7 8 9 13 12 -11 -1 -2
right_child=1 -3 -4 -5 5 -7 -8 -9 -10 11 -12 -13 -14 -15
leaf_value=-0.00016366202039599031 0.00014762392938270525 -0.00052844846451824358 0.0013590043693178947 0.00068336089163841245 0.0001702737486354906 -0.00055990275337066016 0.00069634007860816299 0.00051387859817031162 -0.00022448650677919405 0.00058568268169538994 -0.00053030121379305385 0.00016089165918686886 -0.0003540844146239882 -0.00018450373869487331
leaf_weight=283 156 32 40 41 36 30 30 42 62 53 73 58 149 37
leaf_count=283 156 32 40 41 36 30 30 42 62 53 73 58 149 37
internal_value=3.4868e-06 0.000230988 0.000273361 0.000191337 0.000150038 -0.000165028 0.000197781 0.00015951 0.000117555 0.000187821 -0.000274377 0.000367138 -0.000230006 8.33289e-05
internal_weight=1122 617 585 545 504 66 438 408 366 304 505 111 432 193
internal_count=1122 617 585 545 504 66 438 408 366 304 505 111 432 193
is_linear=0
shrinkage=0.05


Tree=20
num_leaves=15
num_cat=0
split_feature=14 10 23 6 19 25 2 19 3 16 21 18 6 27
split_gain=0.0296062 0.0102694 0.0173665 0.00626898 0.00692989 0.00391028 0.00282343 0.00231261 0.0035777 0.00206571 0.00177388 0.00166411 0.00132051 0.00130843
threshold=1.0000000180025095e-35 1.0000000180025095e-35 0.0085733457660101525 0.015836037916867652 0.010594151436036302 0.026634679654520352 0.011154689626161401 0.0061681288496734507 1.0481745859212344 1.0920639350457684 0.066086530503386767 2.285804439318639 0.010303651248107603 0.010526956085511952
decision_type=2 2 2 2 2 2 2 2 2 2 2 2 2 2
left_child=10 2 -2 4 5 7 12 13 -9 -10 -1 -12 -7 -3
right_child=1 3 -4 -5 -6 6 -8 8 9 -11 11 -13 -14 -15
leaf_value=-0.00022010800132410115 9.0443241788307205e-05 0.0002540843952928022 0.0015005814604370333 -0.00043038615180327123 0.00078468452023419872 -8.2661140059708094e-05 0.00029869213167037218 6.243038547432257e-05 0.00038717275672796661 0.00094866217902651233 -0.00059126989782920915 -0.00014538759714923798 -0.00049442349600472624 6.7203411703357604e-06
leaf_weight=410 47 114 40 40 47 45 30 44 40 30 69 31 34 100
leaf_count=410 47 114 40 40 47 45 30 44 40 30 69 31 34 100
internal_value=1.38334e-05 0.00024841 0.000748467 0.000164117 0.000214036 0.000151011 -0.000107707 0.000237053 0.000418191 0.000637783 -0.000267134 -0.000455854 -0.00026384 0.000139063
internal_weight=1121 611 87 524 484 437 109 328 114 70 510 100 79 214
internal_count=1121 611 87 524 484 437 109 328 114 70 510 100 79 214
is_linear=0
shrinkage=0.05


Tree=21
num_leaves=15
num_cat=0
split_feature=14 27 21 23 7 20 20 0 27 26 4 6 15 19
split_gain=0.0232528 0.00541704 0.0193245 0.00454793 0.00331929 0.00352476 0.00224309 0.00220913 0.00257162 0.0020271 0.00261623 0.00452716 0.00297028 0.00188725
threshold=1.5000000000000002 0.049473250951227406 0.078420737228808213 0.0088185617926158522 0.011524696010959451 1.3779845061748568 0.78579570741695937 0.011105368919494952 -0.023918873402381999 0.037817517470544453 0.0050844001253792011 0.0068489147206241508 -0.00076451950737395 0.0069288254152558007
decision_type=2 2 2 2 2 2 2 2 2 2 2 2 2 2
left_child=7 2 4 -3 5 6 -2 8 -1 10 12 13 -8 -12
right_child=1 3 -4 -5 -6 -7 9 -9 -10 -11 11 -13 -14 -15
leaf_value=0.0001963019499089569 -0.0001078993003730747 -0.00055745395304256822 0.0014533065390423872 0.00023042867799043002 0.00067731403687503193 -0.00030609698524364297 -0.00028538979259469819 -0.00040549288830067409 -0.00023209622356144561 -0.00015415613419346273 0.00044764992548152805 3.8794331854527319e-05 0.00024235372699821508 0.00097976307395797736
leaf_weight=39 54 39 31 33 31 38 30 166 293 30 39 40 195 33
leaf_count=39 54 39 31 33 31 38 30 166 293 30 39 40 195 33
internal_value=-5.10401e-06 0.000206276 0.000262436 -0.000198131 0.000184289 0.000149591 0.000191349 -0.000256716 -0.000181334 0.000235554 0.0002706 0.000467332 0.000171036 0.000701616
internal_weight=1091 593 521 72 490 459 421 498 332 367 337 112 225 72
internal_count=1091 593 521 72 490 459 421 498 332 367 337 112 225 72
is_linear=0
shrinkage=0.05


Tree=22
num_leaves=15
num_cat=0
split_feature=14 23 10 6 27 5 27 19 25 5 19 4 17 19
split_gain=0.0220054 0.00704376 0.0106412 0.00746665 0.00615994 0.00532389 0.00425393 0.00331698 0.00189036 0.00312715 0.00306186 0.00142782 0.00123423 0.00136937
threshold=1.5000000000000002 0.0085733457660101525 1.0000000180025095e-35 0.016115342895257751 0.020821910517059703 0.0059962804136697509 0.026022320565759104 0.011988637696211201 0.026175212746097156 0.0044038183505106009 0.0056266064839765014 0.0031154746560547006 2.6952966473412432 0.0048471061934638503
decision_type=2 2 2 2 2 2 2 2 2 2 2 2 2 2
left_child=7 3 -3 5 -4 8 -7 12 10 -10 -2 -12 13 -1
right_child=1 2 4 -5 -6 6 -8 -9 9 -11 11 -13 -14 -15
leaf_value=-7.9382247096675376e-05 1.6409403605362529e-06 0.0012039504133355924 0.00064261734071980291 -0.00065411239942946963 -0.00014150299334519164 4.4859154815120357e-05 0.00075290517272885173 -0.00065554446402065305 9.8979305178719645e-05 -0.00054900985743452403 0.00012745263394773812 0.00054852301091159463 1.1259365657513793e-05 -0.0002918041441148141
leaf_weight=100 173 38 46 30 53 34 56 46 46 30 36 47 54 326
leaf_count=100 173 38 46 30 53 34 56 46 46 30 36 47 54 326
internal_value=-1.8765e-05 0.000190995 0.000503739 9.53008e-05 0.000225619 0.000149997 0.000488853 -0.000253565 5.69462e-05 -0.000160614 0.000121908 0.000369582 -0.000213759 -0.000242243
internal_weight=1115 589 137 452 99 422 90 526 332 76 256 83 480 426
internal_count=1115 589 137 452 99 422 90 526 332 76 256 83 480 426
is_linear=0
shrinkage=0.05


Tree=23
num_leaves=15
num_cat=0
split_feature=12 2 13 19 2 8 18 10 12 8 12 4 19 6
split_gain=0.0221525 0.00579916 0.00645003 0.0102533 0.00338289 0.00332673 0.00298352 0.00286049 0.00230299 0.00207413 0.00339859 0.00250762 0.00147279 0.00146352
threshold=1.0000000180025095e-35 0.018707115512386501 0.038048490410063855 0.011121277992737202 0.0043163683784798509 0.82453488984787038 2.1655846570778077 0.19791666666666666 0.015440729399360552 0.61226019831163536 0.015220420372506002 0.0033087358850880004 0.0068758581464686006 -0.00015890733916194998
decision_type=2 2 2 2 2 2 2 2 2 2 2 2 2 2
left_child=13 2 3 4 5 9 7 12 -9 10 11 -2 -6 -1
right_child=1 -3 -4 -5 6 -7 -8 8 -10 -11 -12 -13 -14 -15
leaf_value=7.4367810739204288e-05 1.6409751736540097e-05 0.00079003021034390435 -0.0003506555833725953 0.00097899796484514725 0.00033078338920829761 -0.00031537993421079592 -0.00013448586612338983 0.00038072047477115449 -0.00013694543813471682 0.00043942770170461801 -0.00028551980104370449 0.00048192156828008592 0.00079170082719065256 -0.00024274562084935044
leaf_weight=39 73 42 50 42 30 49 30 66 31 44 50 47 49 468
leaf_count=39 73 42 50 42 30 49 30 66 31 44 50 47 49 468
internal_value=2.5111e-05 0.000229754 0.000186477 0.000239616 0.000171461 5.2236e-05 0.000322687 0.000400934 0.000215572 0.000137485 5.72225e-05 0.000201211 0.000622992 -0.000218254
internal_weight=1110 603 561 511 469 263 206 176 97 214 170 120 79 507
internal_count=1110 603 561 511 469 263 206 176 97 214 170 120 79 507
is_linear=0
shrinkage=0.05


Tree=24
num_leaves=15
num_cat=0
split_feature=12 7 16 13 21 12 1 11 21 24 5 21 25 0
split_gain=0.0170973 0.00684321 0.00404149 0.00742256 0.00840706 0.00313185 0.00346538 0.00315478 0.00247903 0.00234559 0.00327644 0.0020545 0.00172921 0.00161896
threshold=1.0000000180025095e-35 -0.0012464840637012497 4.6670308451761384 0.050294958635496559 0.078420737228808213 0.034990868944001004 0.020128542172659653 0.0060660392845083505 0.032717834682077757 0.013013674265886802 0.0034615653926294504 0.05061733503813496 0.011037034593198002 0.0079690628740239026
decision_type=2 2 2 2 2 2 2 2 2 2 2 2 2 2
left_child=13 -2 3 4 5 6 7 8 12 -9 -11 -12 -3 -1
right_child=1 2 -4 -5 -6 -7 -8 9 -10 10 11 -13 -14 -15
leaf_value=-0.00010788239854227127 0.00070207536662534134 0.00020226546209804448 0.00064638516277126562 -0.00062782479270192041 0.00089380721095949417 -0.00035249725600855578 0.0005272711270663422 -0.00037811516554211267 0.0003993844624427665 -0.00035802228642361507 -7.0276926999213179e-05 0.00047002722320030446 -0.00019510717221742703 -0.00028581822840258099
leaf_weight=244 58 69 35 32 34 36 47 49 89 34 31 39 44 272
leaf_count=244 58 69 35 32 34 36 47 49 89 34 31 39 44 272
internal_value=8.53092e-06 0.000190574 0.000134334 9.75657e-05 0.000147968 8.81678e-05 0.000128407 7.4267e-05 0.000203563 -9.66514e-05 3.82995e-05 0.00023313 4.71821e-05 -0.000202049
internal_weight=1113 597 539 504 472 438 402 355 202 153 104 70 113 516
internal_count=1113 597 539 504 472 438 402 355 202 153 104 70 113 516
is_linear=0
shrinkage=0.05


Tree=25
num_leaves=15
num_cat=0
split_feature=14 13 21 16 5 21 23 18 4 8 18 5 22 20
split_gain=0.0147991 0.00763729 0.0120787 0.00248368 0.00395202 0.00567784 0.00261114 0.00287082 0.00255036 0.00222389 0.00225423 0.0016768 0.00233509 0.0015644
threshold=1.5000000000000002 0.060135404825047901 0.079025201642256057 0.45804472074950575 0.0068902898733047505 0.060048334242307905 0.0056527381556966015 1.1778495780738436 0.0050844001253792011 0.50760359873767558 1.698195879420999 0.0043126414280295006 0.09809545357959526 0.91990807275809483
decision_type=2 2 2 2 2 2 2 2 2 2 2 2 2 2
left_child=11 2 3 -2 5 6 7 13 -8 -9 -11 12 -1 -5
right_child=1 -3 -4 4 -6 -7 8 9 -10 10 -12 -13 -14 -15
leaf_value=-0.000188964775842365 -0.00022188651103836798 -0.0006141397166967152 0.00095115364068381811 9.6335770022364914e-05 0.00053525383137942599 -0.0004111955768469973 0.00014994662315412255 0.00016009123454055311 0.00066554055911385358 -0.00043562816813480856 7.9231317834676927e-05 -0.00032021220173945219 0.00026042552128659955 0.00047584912730908057
leaf_weight=238 47 30 47 57 59 47 53 67 44 50 36 226 32 52
leaf_count=238 47 30 47 57 59 47 53 67 44 50 36 226 32 52
internal_value=-1.88377e-05 0.000150507 0.000192567 0.000121212 0.000156293 0.000100042 0.00016793 8.52023e-05 0.000388229 -5.45407e-05 -0.000221672 -0.000219832 -0.000134939 0.000280068
internal_weight=1085 589 559 512 465 406 359 262 97 153 86 496 270 109
internal_count=1085 589 559 512 465 406 359 262 97 153 86 496 270 109
is_linear=0
shrinkage=0.05


Tree=26
num_leaves=15
num_cat=0
split_feature=12 5 12 23 19 19 23 2 3 25 19 10 12 0
split_gain=0.0176095 0.00663652 0.00326613 0.00644076 0.00442293 0.00359169 0.00347237 0.00430259 0.00690848 0.00336248 0.00286768 0.00208438 0.00154119 0.00128886
threshold=1.0000000180025095e-35 0.010980245196220302 0.015440729399360552 0.0015670786489654003 0.0073911638508242514 0.004955502786544351 0.011076622922353603 0.0041136089407875004 2.2516671793834666 0.036394730035989205 0.012881865727374651 0.36458333333333343 0.01006213825720755 0.012026384500870102
decision_type=2 2 2 2 2 2 2 2 2 2 2 2 2 2
left_child=10 2 5 4 -4 -2 7 -5 -9 -10 13 -7 -13 -1
right_child=1 -3 3 6 -6 11 -8 8 9 -11 -12 12 -14 -15
leaf_value=-0.00014425077945404079 3.9243808148049677e-05 0.00069498360613319424 2.9328004235313056e-05 -0.00038079183622953837 0.00078408725243502269 0.00060016313133140411 -0.00054617062384306001 0.00072724519497049717 0.00020911399435991529 -0.00050022863028006568 -0.00063641865231031083 -4.7016441021696666e-05 0.00042954562058848504 -0.00034077685057194138
leaf_weight=372 112 55 41 57 36 74 42 34 33 32 38 31 36 108
leaf_count=372 112 55 41 57 36 74 42 34 33 32 38 31 36 108
internal_value=-1.1151e-05 0.000177196 0.000122047 2.63643e-06 0.000387731 0.000251321 -0.000148318 -3.84077e-05 0.000160559 -0.000142389 -0.000223065 0.000418316 0.000211598 -0.000189086
internal_weight=1101 583 528 275 77 253 198 156 99 65 518 141 67 480
internal_count=1101 583 528 275 77 253 198 156 99 65 518 141 67 480
is_linear=0
shrinkage=0.05


Tree=27
num_leaves=15
num_cat=0
split_feature=12 6 21 15 23 23 20 2 24 13 15 16 22 3
split_gain=0.0102654 0.00789261 0.0130378 0.00623524 0.00237213 0.00237966 0.0019997 0.00161376 0.00205823 0.0020189 0.00257146 0.00161592 0.00178634 0.00160379
threshold=1.0000000180025095e-35 0.021434181316483454 0.082023173612965669 0.0020565762533958005 0.011076622922353603 0.0091929373993904513 1.3731707695272748 0.0087981654745033517 0.022448185168371753 0.014020399952742351 0.00050884626025565012 0.47556091944138729 0.074871628026276019 8.333528065695786
decision_type=2 2 2 2 2 2 2 2 2 2 2 2 2 2
left_child=13 2 3 4 5 6 7 8 9 11 -11 -2 -13 -1
right_child=1 -3 -4 -5 -6 -7 -8 -9 -10 10 -12 12 -14 -15
leaf_value=-0.00019025032469693822 -0.0002137340790795861 -0.00060100262618267581 0.0011329385268789552 0.00073810612130297448 -0.00027349736910966589 0.00052321525618026499 0.00040589502512863499 -0.00022667306364746766 0.0004592830242472701 -0.00052662030338979093 6.6941735865331663e-05 6.6053299629129477e-05 0.00040699197353595605 0.00017653825768775279
leaf_weight=482 31 33 33 37 44 31 40 49 31 31 42 124 55 31
leaf_count=482 31 33 33 37 44 31 40 49 31 31 42 124 55 31
internal_value=-4.9606e-06 0.000138848 0.000184415 0.000121558 7.23924e-05 0.000108008 7.48526e-05 3.73593e-05 7.91506e-05 3.604e-05 -0.000188829 0.000114733 0.00017249 -0.000167785
internal_weight=1094 581 548 515 478 434 403 363 314 283 73 210 179 513
internal_count=1094 581 548 515 478 434 403 363 314 283 73 210 179 513
is_linear=0
shrinkage=0.05


Tree=28
num_leaves=15
num_cat=0
split_feature=14 12 19 15 24 7 19 24 3 19 13 2 1 23
split_gain=0.00907724 0.00620083 0.0124772 0.00277938 0.00241601 0.00285536 0.00287974 0.00158617 0.00150051 0.00390947 0.00142308 0.00134033 0.00191709 0.00129345
threshold=1.5000000000000002 0.056661144424149108 0.012133529713878051 0.0020565762533958005 1.0000000180025095e-35 -0.0015068576747514998 0.0100129064534173 0.025964826575476253 8.333528065695786 0.012881865727374651 0.019660597001513954 0.015105788644885602 0.020128542172659653 0.0038491008855905001
decision_type=2 2 2 2 2 2 2 2 2 2 2 2 2 2
left_child=8 2 3 4 -2 -6 7 10 9 11 13 12 -1 -7
right_child=1 -3 -4 -5 5 6 -8 -9 -10 -11 -12 -13 -14 -15
leaf_value=-0.00013134707467045778 0.00039297011363404719 -0.00052559412865913618 0.00098851213379847749 0.00056242674390887264 0.00049531905642652418 0.00014517650657305212 -0.00042223532994588217 0.00034360257268417627 0.0001917394808023962 -0.00069384967597822356 -0.00021715241007194366 -0.00038525164329811283 0.00027233372129558119 -7.877691290868481e-05
leaf_weight=372 54 32 43 31 31 164 35 39 30 32 56 45 31 105
leaf_count=372 54 32 43 31 31 164 35 39 30 32 56 45 31 105
internal_value=7.65522e-06 0.000141084 0.000180189 0.000110913 8.08934e-05 4.08815e-05 4.42429e-06 4.64937e-05 -0.000146678 -0.000168184 9.89596e-06 -0.000129175 -9.96975e-05 5.77917e-05
internal_weight=1100 590 558 515 484 430 399 364 510 480 325 448 403 269
internal_count=1100 590 558 515 484 430 399 364 510 480 325 448 403 269
is_linear=0
shrinkage=0.05


Tree=29
num_leaves=15
num_cat=0
split_feature=14 12 5 20 12 22 18 7 22 3 10 25 12 27
split_gain=0.0109805 0.00921042 0.0145429 0.00223168 0.00410244 0.00324565 0.00430378 0.00291589 0.00250251 0.00231058 0.00204567 0.00162104 0.00159182 0.00261541
threshold=1.5000000000000002 0.060169015332307757 0.010980245196220302 1.1228542095065517 0.016464631145554905 0.078669600736535519 2.1926533323035629 0.0085106064875662014 0.061640080235115406 1.5948860814705144 0.28125000000000006 0.0094877721274127507 0.01748307724586055 0.010188302747896252
decision_type=2 2 2 2 2 2 2 2 2 2 2 2 2 2
left_child=10 2 3 4 8 7 -7 12 -2 -6 -1 -10 13 -5
right_child=1 -3 -4 5 9 6 -8 -9 11 -11 -12 -13 -14 -15
leaf_value=-0.00026635745029366932 -2.0875339921783761e-05 -0.00070065709521933918 0.0011573137314573815 0.00042662873711378784 -0.00051277010920890717 0.00089220263866131115 8.3277228048011175e-05 -0.00029014243877359798 0.00011389275912531755 -1.702910631824777e-05 -6.8017628906407972e-05 0.00049765070499403405 0.00049108375186243886 -0.00018020651245024058
leaf_weight=285 107 30 35 31 42 36 30 34 53 52 240 58 38 39
leaf_count=285 107 30 35 31 42 36 30 34 53 52 240 58 38 39
internal_value=-1.01601e-05 0.000138707 0.000185257 0.000117734 3.29246e-05 0.000244183 0.00053124 0.00010798 0.000151859 -0.000241596 -0.00017599 0.000317068 0.000234827 9.07586e-05
internal_weight=1110 585 555 520 312 208 66 142 218 94 525 111 108 70
internal_count=1110 585 555 520 312 208 66 142 218 94 525 111 108 70
is_linear=0
shrinkage=0.05


Tree=30
num_leaves=15
num_cat=0
split_feature=14 7 24 5 25 10 5 23 23 1 3 23 26 10
split_gain=0.010691 0.0046668 0.00350812 0.00312711 0.00659287 0.00208701 0.00372495 0.00363816 0.00340578 0.00310241 0.00191822 0.00208142 0.00247831 0.00146677
threshold=1.5000000000000002 -0.0016997092039936499 -0.0029745207155023497 0.012256838853952652 0.055706614466609509 0.072916666666666671 0.0044860086127630509 0.0033478746413354004 0.0035241484635193006 0.014464003304424001 2.8817635564082442 0.0037733912946137003 0.010681247427903152 0.38541666666666669
decision_type=2 2 2 2 2 2 2 2 2 2 2 2 2 2
left_child=13 -2 -3 4 5 7 9 -4 -8 10 11 -7 -13 -1
right_child=1 2 3 -5 -6 6 8 -9 -10 -11 -12 12 -14 -15
leaf_value=-0.00021512738663414892 0.00067869776976294818 0.00058920436878562776 0.00064315282506868245 -0.00040249954007806317 0.0007768139449347343 8.1076762552794002e-05 -0.0005917713879255665 1.3903888216111483e-05 2.6632964077276834e-05 0.00049061844379879357 0.00027248152734916974 5.5826960446973963e-05 -0.00055780237040986937 -3.4118997757018195e-05
leaf_weight=341 39 36 38 30 34 103 42 56 46 42 58 30 35 167
leaf_count=341 39 36 38 30 34 103 42 56 46 42 58 30 35 167
internal_value=1.21036e-05 0.000156941 0.000118779 8.47511e-05 0.00011572 6.41592e-05 8.57232e-06 0.000272373 -0.000271847 0.000101319 2.71284e-05 -5.8688e-05 -0.000278034 -0.000155807
internal_weight=1097 589 550 514 484 450 356 94 88 268 226 168 65 508
internal_count=1097 589 550 514 484 450 356 94 88 268 226 168 65 508
is_linear=0
shrinkage=0.05


Tree=31
num_leaves=15
num_cat=0
split_feature=14 19 13 26 16 5 19 19 19 18 1 26 18 6
split_gain=0.0124967 0.00547037 0.010216 0.00315322 0.00256474 0.00403057 0.00399812 0.00382301 0.0020733 0.00164747 0.0015705 0.00215282 0.00121435 0.00177195
threshold=2.5000000000000004 0.011121277992737202 0.050294958635496559 0.048839824245463008 0.45804472074950575 0.0068902898733047505 0.0083919827830466528 0.0074214412335765504 0.011449136634996653 2.145004052456096 0.0050998619569315009 0.010957435599628402 1.488874197171824 0.0046314573511504007
decision_type=2 2 2 2 2 2 2 2 2 2 2 2 2 2
left_child=8 3 -3 4 -2 6 7 9 12 10 -6 -12 -1 -14
right_child=1 2 -4 -5 5 -7 -8 -9 -10 -11 11 -13 13 -15
leaf_value=-0.0001772656860592138 -0.00019985699461055144 0.00092576078565443981 -0.00016832101853865694 -0.00032044505795243033 -0.00013678177314836325 0.00059470541402917212 -0.0003039884895576719 0.00060723195461794108 -0.0004357047511924369 -0.00016660724799040446 0.00046365503981178336 0.00011354050317701575 0.00029197724254213667 -0.00010597597750536395
leaf_weight=312 47 58 33 38 35 52 46 46 59 42 63 143 37 105
leaf_count=312 47 58 33 38 35 52 46 46 59 42 63 143 37 105
internal_value=2.21567e-05 0.000176347 0.000531489 0.000112314 0.000147609 0.000186232 0.000128159 0.000189319 -0.000159075 0.000119491 0.000169833 0.000222337 -0.000122247 -9.67262e-07
internal_weight=1116 603 91 512 474 427 375 329 513 283 241 206 454 142
internal_count=1116 603 91 512 474 427 375 329 513 283 241 206 454 142
is_linear=0
shrinkage=0.05


Tree=32
num_leaves=15
num_cat=0
split_feature=12 22 6 21 4 19 1 15 19 5 21 19 12 21
split_gain=0.00836352 0.00297468 0.00426108 0.00915122 0.00402184 0.00738878 0.00308991 0.00299403 0.0028376 0.00208973 0.00210436 0.00195145 0.00236643 0.00153447
threshold=1.0000000180025095e-35 0.070903253844751962 0.020923694384253105 0.081616309716780064 0.005628721221815001 0.008468773944967152 0.013432899388951801 -0.00038288867118959995 0.0096521593359470016 0.0020756066798525005 0.022107672230659403 0.0052174353700158507 0.0095241469486766015 0.056512728164067307
decision_type=2 2 2 2 2 2 2 2 2 2 2 2 2 2
left_child=-1 6 3 4 5 -3 9 -6 13 10 -2 12 -11 -9
right_child=1 2 -4 -5 7 -7 -8 8 -10 11 -12 -13 -14 -15
leaf_value=-0.00012847609696929897 0.00017666418225417149 0.00022933186301088426 -0.00025807885073223397 0.0010206244139669416 4.9469766647392966e-06 -0.00069399589631376007 -0.00029586897648793339 0.00047493593189615454 0.00078744035049470415 0.00032373862673661541 -0.00037781864190725866 0.00038164949823112695 -0.00023925549234263602 6.5172115536106217e-06
leaf_weight=520 31 71 37 38 45 30 59 41 46 34 36 79 39 30
leaf_count=520 31 71 37 38 45 30 59 41 46 34 36 79 39 30
internal_value=1.90504e-05 0.000143592 0.000243015 0.000305262 0.000198427 -4.9039e-05 2.22739e-05 0.000352065 0.000484399 0.000108939 -0.000122442 0.000211063 2.37923e-05 0.000279852
internal_weight=1136 616 338 301 263 101 278 162 117 219 67 152 73 71
internal_count=1136 616 338 301 263 101 278 162 117 219 67 152 73 71
is_linear=0
shrinkage=0.05


Tree=33
num_leaves=15
num_cat=0
split_feature=26 19 13 15 17 27 27 27 19 18 24 8 1 17
split_gain=0.00978335 0.00343785 0.00811814 0.0016103 0.00207925 0.00260397 0.00257503 0.00268049 0.00169547 0.00153641 0.00267568 0.00133319 0.00169742 0.00133043
threshold=1.0000000180025095e-35 0.011121277992737202 0.050294958635496559 0.0019518648951057501 1.9234323805269458 0.031231650115846003 0.031688497638412708 0.024837991393650356 0.0058720032427021507 2.6702764578885012 -0.026690682346239246 0.73788879027916543 0.0096487129833987516 0.89545349536246877
decision_type=2 2 2 2 2 2 2 2 2 2 2 2 2 2
left_child=9 3 -3 4 6 -6 7 8 -2 10 -1 12 -10 -12
right_child=1 2 -4 -5 5 -7 -8 -9 11 -11 13 -13 -14 -15
leaf_value=-0.00055117216626448292 2.5735634331202924e-05 0.00078602501001777284 -0.00017097626421471229 0.00043051354347399491 6.9111218296089453e-05 -0.00047962968537051763 0.00042573663988150658 -0.00030437583177228507 0.00014773073316727941 0.00017026826899382288 -0.00018067190845342116 2.3293656542793746e-05 0.00063221120202031577 2.2604089243478088e-05
leaf_weight=41 171 58 35 33 56 34 59 41 36 35 341 35 37 105
leaf_count=41 171 58 35 33 56 34 59 41 36 35 341 35 37 105
internal_value=1.17284e-05 0.000150211 0.000427876 9.80225e-05 7.37614e-05 -0.000141184 0.000125041 6.84467e-05 0.000124126 -0.000146106 -0.000169145 0.000278244 0.000398514 -0.000132872
internal_weight=1117 595 93 502 469 90 379 320 279 522 487 108 73 446
internal_count=1117 595 93 502 469 90 379 320 279 522 487 108 73 446
is_linear=0
shrinkage=0.05


Tree=34
num_leaves=15
num_cat=0
split_feature=12 2 13 19 18 4 22 11 21 2 22 19 17 17
split_gain=0.00514545 0.00364518 0.00743365 0.00365065 0.00152772 0.00151287 0.00212868 0.00309091 0.00193626 0.00201649 0.00265254 0.00193524 0.0012772 0.00113162
threshold=-0.0078178793955730481 0.018793468712326452 0.040401677378938954 0.011654643928212751 2.4747727701343463 0.0050844001253792011 0.087962992421591168 0.0091634158055109004 0.049296898172699159 0.0051803117758057009 0.056819300244091056 0.0087419589036206533 0.23484238096187884 1.0000000180025095e-35
decision_type=2 2 2 2 2 2 2 2 2 2 2 2 2 2
left_child=13 2 3 4 5 8 7 -7 9 10 -2 -8 -11 -1
right_child=1 -3 -4 -5 -6 6 11 -9 -10 12 -12 -13 -14 -15
leaf_value=-0.00025882299598645658 0.0001025000573871944 0.00053903020154207179 -0.00063743067010746976 0.00058693686938461132 -0.00028811436777393664 0.00021418234682641925 0.0001853159188581701 -0.00032658688421808901 -0.00035052561416865931 5.1992724218594267e-05 -0.00025389589214423075 0.00067618827815749691 0.00044130266297460449 -8.9091537687527862e-05
leaf_weight=156 137 38 37 33 30 81 57 38 33 41 83 31 43 267
leaf_count=156 137 38 37 33 30 81 57 38 33 41 83 31 43 267
internal_value=-1.53475e-05 6.96009e-05 4.11089e-05 8.345e-05 5.35335e-05 7.28685e-05 0.000178906 4.02172e-05 7.39909e-06 4.72746e-05 -3.24989e-05 0.000363892 0.00025413 -0.00015215
internal_weight=1105 682 644 607 574 544 207 119 337 304 220 88 84 423
internal_count=1105 682 644 607 574 544 207 119 337 304 220 88 84 423
is_linear=0
shrinkage=0.05


Tree=35
num_leaves=15
num_cat=0
split_feature=14 5 22 19 19 16 19 22 18 3 19 23 11 3
split_gain=0.00708101 0.00393672 0.00262125 0.00803393 0.00345078 0.00190762 0.00179542 0.00201694 0.00155829 0.00230265 0.00181011 0.00132994 0.00197784 0.00154801
threshold=1.5000000000000002 0.010980245196220302 0.11524828882351326 0.010674463555362753 0.010417276880669452 0.45804472074950575 0.0090828676252184531 0.075116029405307858 1.7375620182607097 3.9595818335749313 0.010594151436036302 0.00092793885375870013 0.0089461851686300515 2.3420658643976053
decision_type=2 2 2 2 2 2 2 2 2 2 2 2 2 2
left_child=8 2 3 5 -4 -2 7 11 10 -10 -1 -7 13 -13
right_child=1 -3 4 -5 -6 6 -8 -9 9 -11 -12 12 -14 -15
leaf_value=-0.00012420618831932844 -0.00023856268214460997 0.00055221497090175177 0.00012939112847644457 0.00087007403373718273 -0.00053178243623632534 0.00031025235509207728 -0.00020191188028547913 0.00035495193071335886 -0.00013890958460848848 0.00032361296788116712 -0.00045000133627303405 -2.5276783010352178e-05 -0.00026894582383748562 0.00028174155961839374
leaf_weight=343 41 51 43 34 35 50 39 90 66 44 48 97 44 70
leaf_count=343 41 51 43 34 35 50 39 90 66 44 48 97 44 70
internal_value=1.97507e-05 0.000136417 9.64209e-05 0.000141425 -0.000170265 8.20633e-05 0.000116294 0.000152123 -0.000118568 4.73481e-05 -0.000165247 8.10948e-05 2.55847e-05 0.000104325
internal_weight=1095 594 543 465 78 431 390 351 501 110 391 261 211 167
internal_count=1095 594 543 465 78 431 390 351 501 110 391 261 211 167
is_linear=0
shrinkage=0.05


Tree=36
num_leaves=15
num_cat=0
split_feature=15 12 2 27 1 27 17 17 20 27 6 3 1 1
split_gain=0.00562928 0.00352362 0.00339846 0.00249143 0.00217277 0.00346308 0.00432851 0.00335991 0.00265265 0.00153262 0.0016734 0.00109123 0.00185733 0.00158986
threshold=0.0021471510156331006 1.0000000180025095e-35 0.018707115512386501 0.0036688767592690003 0.024363593422043205 0.029842954079504606 2.1884176913147924 0.60421342216676821 1.3936447431640411 0.024616830676775402 0.007913760964384153 8.1619300971497726 0.025547307183111805 0.020270270036064603
decision_type=2 2 2 2 2 2 2 2 2 2 2 2 2 2
left_child=1 11 -2 -3 5 8 7 -7 9 10 -5 12 13 -1
right_child=2 3 -4 4 -6 6 -8 -9 -10 -11 -12 -13 -14 -15
leaf_value=-0.0001102126860658359 0.00010139141090665803 0.00039978420173978078 0.00082291482934070863 4.5325626606113632e-05 -0.00029382067801807786 0.00025168411220268661 -0.00013729726296982597 0.00093962566151599132 -0.0004234401387899804 -0.00024806759565284382 0.00043684947295039294 0.00019037161949991941 -0.00040149020759260978 0.00024680790631785332
leaf_weight=383 32 56 33 231 41 44 34 30 32 37 30 30 50 33
leaf_count=383 32 56 33 231 41 44 34 30 32 37 30 30 50 33
internal_value=2.69591e-05 -1.6966e-06 0.000474622 8.72272e-05 4.99294e-05 8.27029e-05 0.000327053 0.000539389 1.98727e-06 4.89341e-05 9.1824e-05 -9.75949e-05 -0.000116502 -8.13674e-05
internal_weight=1096 1031 65 535 479 438 108 74 330 298 261 496 466 416
internal_count=1096 1031 65 535 479 438 108 74 330 298 261 496 466 416
is_linear=0
shrinkage=0.05


Tree=37
num_leaves=15
num_cat=0
split_feature=23 2 1 5 3 19 25 6 10 19 23 11 10 8
split_gain=0.00695932 0.00413506 0.00383895 0.00650045 0.00372708 0.00596656 0.001916 0.00330258 0.00417747 0.00203394 0.00369986 0.00201629 0.00120013 0.00112313
threshold=0.018683831329647304 0.018707115512386501 0.024363593422043205 0.0080512527577932015 8.333528065695786 0.012881865727374651 0.026175212746097156 0.0078461308673910008 0.28125000000000006 0.0056266064839765014 0.0072165059533125511 0.0022074907114761001 0.28125000000000006 0.80669098723073229
decision_type=2 2 2 2 2 2 2 2 2 2 2 2 2 2
left_child=1 2 3 6 5 13 9 -8 -9 -1 12 -12 -11 -2
right_child=4 -3 -4 -5 -6 -7 7 8 -10 10 11 -13 -14 -15
leaf_value=2.6736946011979222e-05 -0.00016451497717582503 0.00066737784363795076 -0.00036087200317221389 0.00068231411055324879 0.00037922160840935253 -0.0007325023275122724 -0.0005017181827743362 -0.00023664017207920552 0.00050077430176756802 0.00063010109653838979 0.00023830829328896168 -0.00029467866839175778 0.00026653113697345057 3.706616756332281e-05
leaf_weight=244 292 31 44 46 31 43 36 45 32 48 35 34 47 90
leaf_count=244 292 31 44 46 31 43 36 45 32 48 35 34 47 90
internal_value=7.11703e-06 0.000113136 8.39712e-05 0.000119066 -0.000142068 -0.000180892 6.81243e-05 -0.000113364 7.2309e-05 0.000118544 0.000254144 -2.47808e-05 0.00045488 -0.000117049
internal_weight=1098 642 611 567 456 425 521 113 77 408 164 69 95 382
internal_count=1098 642 611 567 456 425 521 113 77 408 164 69 95 382
is_linear=0
shrinkage=0.05


end of trees

feature_importances:
atr_pct=78
drawdown24=36
pre_range48=32
spread_mean24=30
close_vs_ema55=30
order_score=24
vol_ratio_mean8=24
ret_12=22
spread_chg8=21
pre_range168=21
close_vs_ema200=18
full_spread=17
dense_frac48=17
slow_slope_12=17
ret_48=17
fast_slow_gap=16
atr_pct_ratio96=13
spread_chg24=12
spread_pos96=12
volume_ratio=11
ret_24=11
full_ratio_min48=10
ext_up=10
spread_mean8=9
ret_4=9
volume_z=8
ma_spread_pct=7

parameters:
[boosting: gbdt]
[objective: regression]
[metric: l2]
[tree_learner: serial]
[device_type: cpu]
[data_sample_strategy: bagging]
[data: ]
[valid: ]
[num_iterations: 600]
[learning_rate: 0.05]
[num_leaves: 15]
[num_threads: 0]
[seed: 42]
[deterministic: 0]
[force_col_wise: 0]
[force_row_wise: 0]
[histogram_pool_size: -1]
[max_depth: -1]
[min_data_in_leaf: 30]
[min_sum_hessian_in_leaf: 0.001]
[bagging_fraction: 0.8]
[pos_bagging_fraction: 1]
[neg_bagging_fraction: 1]
[bagging_freq: 1]
[bagging_seed: 400]
[bagging_by_query: 0]
[feature_fraction: 0.8]
[feature_fraction_bynode: 1]
[feature_fraction_seed: 30056]
[extra_trees: 0]
[extra_seed: 12879]
[early_stopping_round: 0]
[early_stopping_min_delta: 0]
[first_metric_only: 0]
[max_delta_step: 0]
[lambda_l1: 0]
[lambda_l2: 1]
[linear_lambda: 0]
[min_gain_to_split: 0]
[drop_rate: 0.1]
[max_drop: 50]
[skip_drop: 0.5]
[xgboost_dart_mode: 0]
[uniform_drop: 0]
[drop_seed: 17869]
[top_rate: 0.2]
[other_rate: 0.1]
[min_data_per_group: 100]
[max_cat_threshold: 32]
[cat_l2: 10]
[cat_smooth: 10]
[max_cat_to_onehot: 4]
[top_k: 20]
[monotone_constraints: ]
[monotone_constraints_method: basic]
[monotone_penalty: 0]
[feature_contri: ]
[forcedsplits_filename: ]
[refit_decay_rate: 0.9]
[cegb_tradeoff: 1]
[cegb_penalty_split: 0]
[cegb_penalty_feature_lazy: ]
[cegb_penalty_feature_coupled: ]
[path_smooth: 0]
[interaction_constraints: ]
[verbosity: -1]
[saved_feature_importance_type: 0]
[use_quantized_grad: 0]
[num_grad_quant_bins: 4]
[quant_train_renew_leaf: 0]
[stochastic_rounding: 1]
[linear_tree: 0]
[max_bin: 255]
[max_bin_by_feature: ]
[min_data_in_bin: 3]
[bin_construct_sample_cnt: 200000]
[data_random_seed: 175]
[is_enable_sparse: 1]
[enable_bundle: 1]
[use_missing: 1]
[zero_as_missing: 0]
[feature_pre_filter: 1]
[pre_partition: 0]
[two_round: 0]
[header: 0]
[label_column: ]
[weight_column: ]
[group_column: ]
[ignore_column: ]
[categorical_feature: ]
[forcedbins_filename: ]
[precise_float_parser: 0]
[parser_config_file: ]
[objective_seed: 16083]
[num_class: 1]
[is_unbalance: 0]
[scale_pos_weight: 1]
[sigmoid: 1]
[boost_from_average: 1]
[reg_sqrt: 0]
[alpha: 0.9]
[fair_c: 1]
[poisson_max_delta_step: 0.7]
[tweedie_variance_power: 1.5]
[lambdarank_truncation_level: 30]
[lambdarank_norm: 1]
[label_gain: ]
[lambdarank_position_bias_regularization: 0]
[eval_at: ]
[multi_error_top_k: 1]
[auc_mu_weights: ]
[num_machines: 1]
[local_listen_port: 12400]
[time_out: 120]
[machine_list_filename: ]
[machines: ]
[gpu_platform_id: -1]
[gpu_device_id: -1]
[gpu_use_dp: 0]
[num_gpu: 1]

end of parameters

pandas_categorical:[]
