tree
version=v4
num_class=1
num_tree_per_iteration=1
label_index=0
max_feature_idx=27
objective=regression
feature_names=ma_spread_pct full_spread fast_slow_gap full_ratio_min48 spread_mean8 spread_mean24 spread_chg8 spread_chg24 spread_pos96 dense_run_len dense_frac48 ext_up close_vs_ema55 close_vs_ema200 order_score slow_slope_12 volume_ratio volume_z vol_ratio_mean8 atr_pct atr_pct_ratio96 pre_range48 pre_range168 drawdown24 ret_4 ret_12 ret_24 ret_48
feature_infos=[0.00031149075062819999:1.3214653435550712] [0.00074750963067460004:1.3214653435550712] [1.1743896470627685e-07:0.2940797586064775] [1:279.49373387367086] [0.00038407288658370001:0.37466140646848162] [0.00054044392120429995:0.1865310698274151] [-0.0139559257182466:1.2564960781304011] [-0.086026288760893702:1.2207587985592094] [0:1] [0:160] [0:1] [-0.72762146991672882:0.74938642489826646] [-0.72762146991672882:1.3866616268969372] [-0.68701962153546681:1.6353879508050309] [0:4] [-0.0139512943086318:0.045563913094621003] [0:19.229576889010016] [-1.5984551114378081:9.6917724303874255] [0.084003291000528904:8.1211599784308994] [0.0015055486046232:0.3549555669805991] [0.47202884404879641:21.766856115934292] [0.0062149305606691999:3.7219739469430442] [0.0122109773717:3.7219739469430442] [0:3.5984596367785482] [-0.62836142619880553:1.5719342105263157] [-0.76741048720613925:1.4772761837169219] [-0.75894473859130396:1.4194754236344056] [-0.73008418026896615:1.7346456252273428]
tree_sizes=1521 1546 1546 1544 1546 1534 1542 1536 1535 1545 1544 1543 1545 1547 1549 1541 1561 1537 1545 1535 1562 1565 1551 1541 1545 1539 1556 1541 1561 1541 1526 1537 1545 1555 1539 1545 1538 1521 1554 1541 1536 1538 1533 1543 1551 1535 1560 1538 1553 1528 1549 1523 1559 1546 1552 1538 1542 1548 1550 1582 1556

Tree=0
num_leaves=15
num_cat=0
split_feature=12 19 19 20 18 5 19 24 19 16 25 19 19 6
split_gain=3.54464 0.342777 0.120612 0.11702 0.090787 0.0840028 0.0802157 0.0668476 0.0592066 0.0428831 0.0427044 0.0561129 0.036613 0.0365717
threshold=1.0000000180025095e-35 0.011427831157238751 0.0091267562036522008 3.0614647751355766 2.4508930400093685 0.0060928380221187501 0.020394947870153956 0.057419427884970106 0.018758267122858555 1.3943965900855242 0.030675457221444751 0.0048384577920364009 0.014504792378806452 0.015636675787509553
decision_type=2 2 2 2 2 2 2 2 2 2 2 2 2 2
left_child=2 5 -1 8 6 10 9 -8 -4 12 11 -2 -3 -7
right_child=1 4 3 -5 -6 13 7 -9 -10 -11 -12 -13 -14 -15
leaf_value=0.0022937823909972995 0.003332907962729244 0.0047268263179838284 0.0018278790562165283 0.0041101068681712108 0.0039816466574642143 0.0040707231406126483 0.0073603740716701388 0.0046584532723939528 0.0007392926523007398 0.0042806986581032892 0.0031636156244206257 0.0037686904349713093 0.0058537362484606314 0.0034143838792507026
leaf_weight=4809 1224 228 1596 53 396 1248 57 41 136 308 699 1873 112 258
leaf_count=4809 1224 228 1596 53 396 1248 57 41 136 308 699 1873 112 258
internal_value=0.00297817 0.00381207 0.00216324 0.0018121 0.00459762 0.00364259 0.00492281 0.00625847 0.00174116 0.00471605 0.00351697 0.00359663 0.00510542 0.00395865
internal_weight=13038 6444 6594 1785 1142 5302 746 98 1732 648 3796 3097 340 1506
internal_count=13038 6444 6594 1785 1142 5302 746 98 1732 648 3796 3097 340 1506
is_linear=0
shrinkage=1


Tree=1
num_leaves=15
num_cat=0
split_feature=14 19 19 16 23 18 18 23 22 23 11 26 19 7
split_gain=3.12381 0.234654 0.118842 0.108268 0.0814297 0.0671503 0.0642136 0.0653408 0.0579923 0.0573161 0.0400624 0.0363256 0.0322295 0.0283234
threshold=1.5000000000000002 0.010722860221717251 0.0075777391564460011 4.5431881068499784 0.015491583932730051 2.0782221469526267 4.2994903824851294 0.18133505388599253 0.20000916832793728 0.0059124565551564008 0.018637482699807851 0.068865457208057021 0.010953362064719552 0.016397786129254653
decision_type=2 2 2 2 2 2 2 2 2 2 2 2 2 2
left_child=2 9 -1 4 11 8 7 12 -6 -2 -11 -3 -4 -5
right_child=1 3 6 13 5 -7 -8 -9 -10 10 -12 -13 -14 -15
leaf_value=-0.00059001557452397456 0.00051153015366589528 0.0015088036509567045 -0.00089363548142123636 0.0012467932159779594 0.0021125109400600196 0.0014105434756835596 0.00060631225933320825 -0.0031754134931058311 0.0039091536485766241 0.00095084962825605236 -1.9244347703502645e-05 0.00078161966312176529 -0.0012544261851663969 -0.00017786283115128754
leaf_weight=3870 3511 494 1740 47 130 169 59 35 73 1420 115 269 979 127
leaf_count=3870 3511 494 1740 47 130 169 59 35 73 1420 115 269 979 127
internal_value=-1.54031e-05 0.000778194 -0.000770054 0.00137464 0.00155256 0.00216035 -0.00101745 -0.00105244 0.00277459 0.000623225 0.000878206 0.00125379 -0.00102395 0.000211884
internal_weight=13038 6355 6683 1309 1135 372 2813 2754 203 5046 1535 763 2719 174
internal_count=13038 6355 6683 1309 1135 372 2813 2754 203 5046 1535 763 2719 174
is_linear=0
shrinkage=0.05


Tree=2
num_leaves=15
num_cat=0
split_feature=14 19 19 11 19 10 20 19 17 6 19 23 5 6
split_gain=2.95045 0.274434 0.109221 0.0943532 0.122344 0.0873073 0.0826907 0.0706116 0.0439041 0.0408789 0.0345252 0.034476 0.0305349 0.0283297
threshold=1.5000000000000002 0.011427831157238751 0.007640379788506701 0.031976576245684361 0.023677020133078205 0.30208333333333343 2.6442741184418543 0.030068919214066455 1.4315261900882221 0.012948391957582052 0.013038084828184951 0.0059124565551564008 0.007772202365343951 0.015149374262304302
decision_type=2 2 2 2 2 2 2 2 2 2 2 2 2 2
left_child=2 5 -1 4 8 11 7 10 12 -10 -4 13 -3 -2
right_child=1 3 6 -5 -6 -7 -8 -9 9 -11 -12 -13 -14 -15
leaf_value=-0.00055977102748878905 0.00072018227517113955 0.0012475364090819693 -0.00089865874434724442 0.00081731176377403928 0.0048830366648373105 0.00038645178387410354 0.00062072612423889949 -0.0033189971483256102 0.0020101206317448463 0.00059570427186972797 -0.0013589489136732285 0.0010129377512271378 0.0021570376198827503 1.3720214738919496e-05
leaf_weight=3951 1684 130 2197 372 30 2346 79 32 77 152 506 1128 369 155
leaf_count=3951 1684 130 2197 372 30 2346 79 32 77 152 506 1128 369 155
internal_value=-3.30957e-07 0.000765356 -0.000729578 0.00147276 0.00179293 0.000614651 -0.000967711 -0.0010138 0.00165907 0.00107797 -0.000985295 0.000794897 0.00192306 0.000660678
internal_weight=13208 6443 6765 1130 758 5313 2814 2735 728 229 2703 2967 499 1839
internal_count=13208 6443 6765 1130 758 5313 2814 2735 728 229 2703 2967 499 1839
is_linear=0
shrinkage=0.05


Tree=3
num_leaves=15
num_cat=0
split_feature=14 19 19 18 21 20 5 19 23 22 13 25 5 23
split_gain=2.53723 0.256829 0.101856 0.0962967 0.114396 0.0886154 0.0758134 0.0696943 0.0461591 0.0503459 0.0434143 0.0355155 0.0427958 0.0295746
threshold=2.5000000000000004 0.011427831157238751 0.0091267562036522008 2.4508930400093685 0.19580205680067211 3.0614647751355766 0.006140797832277051 0.026035962651559753 0.014416031581152853 0.17875132921856568 0.055578427917682957 0.032180899744858708 0.0034349507882407006 0.014903195825655203
decision_type=2 2 2 2 2 2 2 2 2 2 2 2 2 2
left_child=2 6 -1 4 8 7 11 -4 -3 -10 -5 12 -2 -8
right_child=1 3 5 10 -6 -7 13 -9 9 -11 -12 -13 -14 -15
leaf_value=-0.0005706358531992929 0.00031824248599843843 0.0012751317235456363 -0.0010238885585017302 0.0013864273651866558 0.0044869574388333913 0.00089657370980742194 0.00078776380625046572 -0.0029628293668793049 0.0015691476983006282 0.0030702600597262222 0.00032443897730177816 9.3342117886192251e-05 0.00068398496151055369 0.0015915549690059079
leaf_weight=4896 1573 450 1664 162 35 58 1395 47 155 91 237 628 1633 125
leaf_count=4896 1573 450 1664 162 35 58 1395 47 155 91 237 628 1633 125
internal_value=-3.33952e-06 0.000700784 -0.000688343 0.00138556 0.00172659 -0.00101361 0.000556025 -0.00107885 0.00158154 0.00213462 0.00075801 0.000437355 0.000504691 0.000854868
internal_weight=13149 6484 6665 1130 731 1769 5354 1711 696 246 399 3834 3206 1520
internal_count=13149 6484 6665 1130 731 1769 5354 1711 696 246 399 3834 3206 1520
is_linear=0
shrinkage=0.05


Tree=4
num_leaves=15
num_cat=0
split_feature=14 5 5 19 20 10 12 19 15 19 8 11 5 15
split_gain=2.35043 0.257634 0.0969421 0.0912948 0.0748499 0.0562989 0.0502213 0.0834498 0.0534432 0.0459854 0.033081 0.0305326 0.0326511 0.0283953
threshold=1.5000000000000002 0.008893507491093652 0.028662743764873554 0.0092272847155341012 3.0614647751355766 0.30208333333333343 0.055218270527019858 0.014718034663994151 0.0060711169263202511 0.026035962651559753 0.6644060422724638 0.066650877794751512 0.014698911750684652 0.0023476173751780004
decision_type=2 2 2 2 2 2 2 2 2 2 2 2 2 2
left_child=3 5 6 -1 9 10 7 -3 11 -5 13 12 -8 -2
right_child=1 2 -4 4 -6 -7 8 -9 -10 -11 -12 -13 -14 -15
leaf_value=-0.00054517768820640581 0.00076457619899753654 0.0012606363663616364 0.0038888410962600681 -0.00098954751084672225 0.00067667743431283915 0.00034731366004978249 0.00038756774400233691 0.0026797587839976792 0.0023165950891920009 -0.0026928313564872595 0.00049332043400669256 -0.000639764295721596 0.0014065206702332945 0.0014849897529990352
leaf_weight=4992 1340 671 35 1628 66 2377 215 123 51 40 1297 43 124 153
leaf_count=4992 1340 671 35 1628 66 2377 215 123 51 40 1297 43 124 153
internal_value=-5.78279e-07 0.000682971 0.00132326 -0.000653949 -0.000966595 0.00052636 0.00124697 0.00148357 0.000810698 -0.00103198 0.000678723 0.000604126 0.000763323 0.000839347
internal_weight=13155 6429 1262 6726 1734 5167 1227 794 433 1668 2790 382 339 1493
internal_count=13155 6429 1262 6726 1734 5167 1227 794 433 1668 2790 382 339 1493
is_linear=0
shrinkage=0.05


Tree=5
num_leaves=15
num_cat=0
split_feature=14 5 20 19 19 20 23 18 23 19 22 18 19 24
split_gain=2.08525 0.22052 0.0899374 0.15063 0.0778931 0.07824 0.05944 0.0565423 0.0558275 0.0472045 0.0384954 0.0337561 0.0335821 0.0489042
threshold=1.5000000000000002 0.0091733929635685017 3.0614647751355766 0.030068919214066455 0.0070692660128449511 3.0614647751355766 0.0041856120686616007 2.4724625186820579 0.014647752912235502 0.013038084828184951 0.18313482619556279 3.5817855294756824 0.015242284383271703 0.025248983523878353
decision_type=2 2 2 2 2 2 2 2 2 2 2 2 2 2
left_child=4 6 3 7 -1 9 -2 8 -3 -6 -10 -11 13 -8
right_child=1 2 -4 -5 5 -7 12 -9 10 11 -12 -13 -14 -15
leaf_value=-0.00045419191525964905 0.00034665164676156901 0.0011843717829847901 -0.0014075908704750961 0.0042403005181302772 -0.00074202192837468685 0.0010109725378658937 0.0007464793139314019 0.0005756514465528593 0.0015624008275856212 -0.0013569338004397336 0.0029991197063484127 0.00035895649353117351 0.001586997703498587 0.00013779050433784771
leaf_weight=3470 2837 636 30 42 2621 58 1969 264 122 502 80 30 98 397
leaf_count=3470 2837 636 30 42 2621 58 1969 264 122 502 80 30 98 397
internal_value=1.00819e-06 0.000640381 0.00126025 0.00133138 -0.000618654 -0.000796184 0.000502889 0.00121677 0.00141782 -0.000829737 0.00214337 -0.00125968 0.000682563 0.000644447
internal_weight=13156 6475 1174 1144 6681 3211 5301 1102 838 3153 202 532 2464 2366
internal_count=13156 6475 1174 1144 6681 3211 5301 1102 838 3153 202 532 2464 2366
is_linear=0
shrinkage=0.05


Tree=6
num_leaves=15
num_cat=0
split_feature=12 19 19 17 23 5 23 20 25 19 7 1 19 20
split_gain=1.92245 0.20611 0.0776467 0.0606747 0.0712147 0.0470171 0.0465403 0.0439679 0.0423041 0.045675 0.0390051 0.0659484 0.045218 0.0441015
threshold=1.0000000180025095e-35 0.010722860221717251 0.0071708260970831514 1.9976045342526585 0.014647752912235502 0.0034079001076568007 0.18133505388599253 2.6442741184418543 0.030147147219350252 0.0070333556419799005 0.016397786129254653 0.070616120375207064 0.013201873364737151 2.2934311617323249
decision_type=2 2 2 2 2 2 2 2 2 2 2 2 2 2
left_child=2 5 -1 4 -3 -2 7 -4 9 -7 12 -12 -5 -13
right_child=1 3 6 10 -6 8 -8 -9 -10 -11 11 13 -14 -15
leaf_value=-0.00043374204797378096 0.00025309552032765591 0.0011160247204602136 -0.00077944891208509112 0.0005899100538550152 0.0021212820801737656 0.0005321863916902418 -0.0024518559757824537 0.00052842052144555832 0.00032742341326023926 0.00099635350691040835 4.4305400163722752e-05 0.0028948216239372509 0.0021742776871713646 0.00037689586028908241
leaf_weight=3610 1645 552 3025 98 262 1458 40 65 1128 837 258 38 84 32
leaf_count=3610 1645 552 3025 98 262 1458 40 65 1128 837 258 38 84 32
internal_value=-2.87524e-06 0.000618293 -0.000591975 0.00117365 0.00144179 0.000473005 -0.000774277 -0.000751775 0.000578582 0.000701831 0.00074369 0.000415838 0.00132904 0.00176529
internal_weight=13132 6392 6740 1324 814 5068 3130 3090 3423 2295 510 328 182 70
internal_count=13132 6392 6740 1324 814 5068 3130 3090 3423 2295 510 328 182 70
is_linear=0
shrinkage=0.05


Tree=7
num_leaves=15
num_cat=0
split_feature=12 19 18 19 23 20 23 5 26 18 20 19 23 19
split_gain=1.72284 0.201259 0.101587 0.0666238 0.0652889 0.0599173 0.0541687 0.0454198 0.0454063 0.0352129 0.0334156 0.0587574 0.0725273 0.0315259
threshold=1.0000000180025095e-35 0.011427831157238751 2.3817273097276996 0.0095705718286654504 0.007299980602543151 2.6442741184418543 0.024937591563448953 0.017349417559426754 0.080978506197356359 2.0659789800433503 3.0614647751355766 0.021829289906927004 0.035411757998326708 0.018145554455950754
decision_type=2 2 2 2 2 2 2 2 2 2 2 2 2 2
left_child=3 4 6 -1 -2 13 -3 -8 -4 -6 11 -10 -13 -5
right_child=1 2 8 5 9 -7 7 -9 10 -11 -12 12 -14 -15
leaf_value=-0.00047083600922095189 0.00035728670022724967 0.0013685311924800392 0.0011448133887419685 -0.00083922929703369271 0.00093277853035188566 0.00045303147096145788 0.001735914303618114 0.0039539167372277008 -0.00019688247415910453 0.00034224193742602441 -0.0013925078790634872 0.0033440158612305123 -0.00010131904554943885 -0.0016213402021094227
leaf_weight=5111 4037 620 192 1359 913 84 62 39 147 351 31 30 30 143
leaf_count=5111 4037 620 192 1359 913 84 62 39 147 351 31 30 30 143
internal_value=2.86483e-06 0.000585914 0.00118503 -0.000558858 0.00045563 -0.00084204 0.00154761 0.00262274 0.000574881 0.000769193 0.000112237 0.000343197 0.00164793 -0.00091472
internal_weight=13149 6452 1151 6697 5301 1586 721 101 430 1264 238 207 60 1502
internal_count=13149 6452 1151 6697 5301 1586 721 101 430 1264 238 207 60 1502
is_linear=0
shrinkage=0.05


Tree=8
num_leaves=15
num_cat=0
split_feature=14 19 18 10 19 20 8 22 6 19 2 6 19 24
split_gain=1.51 0.161048 0.0838396 0.0658249 0.0645766 0.0614576 0.0534361 0.0480802 0.0423835 0.0411961 0.0389929 0.0330588 0.0324448 0.0300433
threshold=2.5000000000000004 0.014718034663994151 2.4508930400093685 0.13541666666666666 0.007640379788506701 3.0614647751355766 0.99997192097454113 0.22035001630951204 0.042898249551004207 0.0088576338394922016 0.032946916218970806 0.011320771758500802 0.013038084828184951 0.057419427884970106
decision_type=2 2 2 2 2 2 2 2 2 2 2 2 2 2
left_child=4 3 7 6 -1 12 9 -3 -4 -2 -10 -11 -6 -9
right_child=1 2 8 -5 5 -7 -8 13 10 11 -12 -13 -14 -15
leaf_value=-0.00040126829625788149 0.0006087848900478603 0.0014014994004304204 0.0011245156262399785 0.00033646762220776178 -0.00066769008231862812 0.00079245560011644782 0.00021731079333460858 0.0032255626800987455 -0.0013206070206995884 0.0014410636510737089 0.00083733488339930771 0.00074323224633284532 -0.0011040416977800228 0.0014426203003447308
leaf_weight=3881 1001 211 143 3766 2164 65 482 80 43 363 39 326 534 37
leaf_count=3881 1001 211 143 3766 2164 65 482 80 43 363 39 326 534 37
internal_value=-3.12779e-06 0.000539209 0.00135474 0.000463044 -0.000532977 -0.000717767 0.000682258 0.00186385 0.000607597 0.000814658 -0.000296546 0.00111244 -0.000754432 0.00267873
internal_weight=13135 6491 553 5938 6644 2763 2172 328 225 1690 82 689 2698 117
internal_count=13135 6491 553 5938 6644 2763 2172 328 225 1690 82 689 2698 117
is_linear=0
shrinkage=0.05


Tree=9
num_leaves=15
num_cat=0
split_feature=12 5 19 18 23 20 2 5 6 5 5 21 4 24
split_gain=1.35383 0.154594 0.0525718 0.0511084 0.0890154 0.0429482 0.0410023 0.0409505 0.0403226 0.0429172 0.0389363 0.026359 0.0256204 0.025529
threshold=1.0000000180025095e-35 0.0088107352265341509 0.0071708260970831514 2.4231724258922891 0.026222715905894502 2.6442741184418543 0.012895635898544701 0.014698911750684652 0.010987001373326002 0.0037096632466403503 0.021045932913047804 0.19580205680067211 0.021556361219340105 0.030816136333377604
decision_type=2 2 2 2 2 2 2 2 2 2 2 2 2 2
left_child=2 6 -1 4 -3 7 8 -4 9 -2 -5 -9 -6 -8
right_child=1 3 5 10 12 -7 13 11 -10 -11 -12 -13 -14 -15
leaf_value=-0.00037033695062506914 0.00021945440031711204 0.0010461960091884806 -0.00063792862276310189 0.00067859537514783493 0.0018312302065967786 0.00049421232615713966 0.0010055138937397196 -0.0011285986388742013 -8.4470545759909913e-06 0.00055799208213106713 -0.00095832926879932238 -0.0027547437290195379 0.0037139692931668837 0.00034500766848615406
leaf_weight=3554 1734 859 2880 325 40 79 405 130 709 2039 40 31 39 231
leaf_count=3554 1734 859 2880 325 40 79 405 130 709 2039 40 31 39 231
internal_value=-3.37835e-06 0.000514892 -0.000502005 0.001001 0.00119634 -0.000651821 0.000390963 -0.000681746 0.000337511 0.000402506 0.000497078 -0.00145678 0.00279549 0.000766531
internal_weight=13095 6421 6674 1303 938 3120 5118 3041 4482 3773 365 161 79 636
internal_count=13095 6421 6674 1303 938 3120 5118 3041 4482 3773 365 161 79 636
is_linear=0
shrinkage=0.05


Tree=10
num_leaves=15
num_cat=0
split_feature=12 23 22 18 19 10 8 20 19 1 22 23 0 19
split_gain=1.29197 0.151938 0.0556394 0.0664293 0.0540792 0.0488352 0.0525107 0.0472649 0.0369438 0.0308807 0.030067 0.0300146 0.026362 0.0205499
threshold=1.0000000180025095e-35 0.014416031581152853 0.32593112493390114 1.9349452601255213 0.0095705718286654504 0.19791666666666666 0.97095993579900564 2.6442741184418543 0.0088098069571457011 0.031484660947163554 0.30154588667873317 0.042536620583804058 0.037729230027461355 0.0053478752848439507
decision_type=2 2 2 2 2 2 2 2 2 2 2 2 2 2
left_child=4 5 3 9 13 6 8 10 -2 -3 -6 -4 -10 -1
right_child=1 2 11 -5 7 -7 -8 -9 12 -11 -12 -13 -14 -15
leaf_value=-0.00027462126264780586 0.00053607980605189229 0.00129906895699678 0.0036565675851747848 0.0005818232877617248 -0.00075577296344621814 0.00028227610474638011 0.00019316384543104984 0.00044064321235414415 0.0010723482492486119 0.0024993028578637038 -0.0018934054769667202 0.0013957376141221292 -4.6111132291241973e-05 -0.00048398178957319494
leaf_weight=1861 1204 249 32 368 1473 3084 667 80 682 70 60 30 57 3190
leaf_count=1861 1204 249 32 368 1473 3084 667 80 682 70 60 30 57 3190
internal_value=5.24128e-07 0.000505341 0.00117446 0.00104202 -0.000487554 0.000417133 0.000576311 -0.000739662 0.000707673 0.00156943 -0.000801504 0.00260214 0.000986134 -0.000406914
internal_weight=13107 6443 749 687 6664 5694 2610 1613 1943 319 1533 62 739 5051
internal_count=13107 6443 749 687 6664 5694 2610 1613 1943 319 1533 62 739 5051
is_linear=0
shrinkage=0.05


Tree=11
num_leaves=15
num_cat=0
split_feature=12 19 11 23 22 19 6 2 10 27 7 24 20 7
split_gain=1.12597 0.127156 0.0717337 0.0691611 0.0624565 0.0460158 0.0441593 0.0388886 0.0329632 0.032211 0.0518649 0.0320946 0.0302659 0.0250897
threshold=1.0000000180025095e-35 0.010722860221717251 0.038205372457658253 0.18133505388599253 0.15601293029169264 0.0069387798865238508 0.0096392984174470519 0.032946916218970806 0.28125000000000006 0.21063151091916352 0.042374703842401107 0.029218016318386754 2.6442741184418543 0.031286303622410257
decision_type=2 2 2 2 2 2 2 2 2 2 2 2 2 2
left_child=3 8 4 5 6 -1 -3 13 -2 10 -4 -8 -7 -6
right_child=1 2 9 -5 7 12 11 -9 -10 -11 -12 -13 -14 -15
leaf_value=-0.00032060354512207918 0.0004750121047630572 0.0013560380009756609 0.00031994798175300778 -0.0026803787435138865 0.0016145874216355446 -0.00060662721259974509 0.00092348362613305893 0.0027976158884216529 0.00021929346336719299 0.0013656902927905322 -0.0015411938793714281 7.670832995054933e-05 0.00043943232041373717 0.00041942791997696206
leaf_weight=3367 2610 245 200 34 235 3201 234 60 2442 49 45 214 70 55
leaf_count=3367 2610 245 200 34 235 3201 234 60 2442 49 45 214 70 55
internal_value=-8.02752e-06 0.000466349 0.000899836 -0.000462285 0.00109414 -0.000450522 0.000817142 0.0016387 0.000351472 0.00020915 -2.67698e-05 0.000520069 -0.000584114 0.00139014
internal_weight=13061 6389 1337 6672 1043 6638 693 350 5052 294 245 448 3271 290
internal_count=13061 6389 1337 6672 1043 6638 693 350 5052 294 245 448 3271 290
is_linear=0
shrinkage=0.05


Tree=12
num_leaves=15
num_cat=0
split_feature=14 19 16 23 19 18 3 19 20 8 19 11 19 18
split_gain=1.03719 0.131055 0.0559591 0.0752828 0.0441915 0.0701915 0.039958 0.0391406 0.0351337 0.0349463 0.0344998 0.0346844 0.0274379 0.026331
threshold=1.5000000000000002 0.0096314747925478009 4.5431881068499784 0.014647752912235502 0.023677020133078205 2.2028040787344421 6.2874739733628617 0.0071708260970831514 2.6442741184418543 0.98528603990133801 0.0048384577920364009 0.0061336741304281505 0.01953299708166745 1.8054166268472833
decision_type=2 2 2 2 2 2 2 2 2 2 2 2 2 2
left_child=7 9 3 -3 13 -6 -4 -1 12 10 -2 -12 -9 -5
right_child=1 2 6 4 5 -7 -8 8 -10 -11 11 -13 -14 -15
leaf_value=-0.00031430995417041692 0.00016317931100546534 0.00071529453813706247 -0.00033619750933603775 0.0017530398649264582 0.0041543656047685331 0.00099344361482912478 0.0012182180520280131 -0.00055894734333699866 0.00044589226764133751 4.0427271413915002e-05 0.00069482523973937965 0.00033044541926487137 -0.0014203287504642504 0.00089161156804536557
leaf_weight=3546 1158 1099 157 158 36 35 55 2888 84 873 1165 1493 95 211
leaf_count=3546 1158 1099 157 158 36 35 55 2888 84 873 1165 1493 95 211
internal_value=1.22076e-05 0.00046382 0.000832851 0.000937698 0.00149032 0.0026316 7.08967e-05 -0.000427594 -0.000558426 0.000325866 0.000391139 0.000490354 -0.000586847 0.0012642
internal_weight=13053 6440 1751 1539 440 71 212 6613 3067 4689 3816 2658 2983 369
internal_count=13053 6440 1751 1539 440 71 212 6613 3067 4689 3816 2658 2983 369
is_linear=0
shrinkage=0.05


Tree=13
num_leaves=15
num_cat=0
split_feature=14 19 6 19 19 20 2 25 5 10 25 19 16 19
split_gain=0.967588 0.119526 0.050354 0.0453824 0.0358721 0.0486898 0.035111 0.036104 0.0414753 0.0319576 0.0330635 0.0356649 0.029973 0.0445645
threshold=1.5000000000000002 0.011305865101493702 0.0097110466634621525 0.0095705718286654504 0.023677020133078205 2.6442741184418543 0.0015536310842061503 0.079915042061366209 0.0060928380221187501 0.36458333333333343 0.034588315830796211 0.0073415085839500004 6.9523994416768504 0.030068919214066455
decision_type=2 2 2 2 2 2 2 2 2 2 2 2 2 2
left_child=3 9 -3 -1 6 -6 -4 8 -8 10 11 -2 13 -5
right_child=1 2 4 12 5 -7 7 -9 -10 -11 -12 -13 -14 -15
leaf_value=-0.0003444782511178843 0.00037904573205286407 0.0015227485092370499 -0.00087018518869836747 -0.00065474036450571989 0.0021632897394612944 1.7504722629196177e-05 -0.0001672868266801483 0.00023886582073903074 0.0011646264862240525 0.00017858140371567409 0.00015406539614998182 0.00076828645161567104 0.00035094101671246693 -0.0024892783799099136
leaf_weight=5125 1615 254 38 1501 86 38 69 291 373 1958 808 929 71 33
leaf_count=5125 1615 254 38 1501 86 38 69 291 373 1958 808 929 71 33
internal_value=2.25948e-06 0.000439379 0.000901619 -0.000417261 0.00072384 0.00151111 0.00059543 0.000672492 0.000956795 0.000339206 0.000432951 0.000521432 -0.000649307 -0.000695802
internal_weight=13189 6459 1149 6730 895 124 771 733 442 5310 3352 2544 1605 1534
internal_count=13189 6459 1149 6730 895 124 771 733 442 5310 3352 2544 1605 1534
is_linear=0
shrinkage=0.05


Tree=14
num_leaves=15
num_cat=0
split_feature=12 5 23 16 5 19 6 7 2 6 20 19 22 11
split_gain=0.87153 0.105367 0.0502231 0.0522292 0.0502496 0.0490868 0.0471029 0.0356989 0.0323992 0.0418922 0.032181 0.0310207 0.030925 0.0306549
threshold=1.0000000180025095e-35 0.0074482433269750003 0.014647752912235502 2.2481399427334723 0.021045932913047804 0.010575178683081502 0.014977864483788702 0.035982848797363257 0.014232079870285101 0.0100335616012784 2.6442741184418543 0.0048384577920364009 0.21205355061668343 0.0061336741304281505
decision_type=2 2 2 2 2 2 2 2 2 2 2 2 2 2
left_child=5 8 6 4 -4 -1 -3 12 9 11 -7 -2 -5 -13
right_child=1 2 3 7 -6 10 -8 -9 -10 -11 -12 13 -14 -15
leaf_value=-0.00033670022450588426 0.00012327289024891753 0.00080196412453527137 0.0013057934923607758 0.00047150284905607507 0.0031685151159763338 -0.00075952039764932077 0.0001809197676842017 -0.00052628444578751163 0.00071968642159914067 -8.1914421475869859e-05 0.00026970767474977482 0.00065403759660674393 0.0023403059120380111 0.00027718930567254409
leaf_weight=5541 1260 854 260 80 42 1117 476 58 396 788 81 924 30 1302
leaf_count=5541 1260 854 260 80 42 1117 476 58 396 788 81 924 30 1302
internal_value=-1.63506e-06 0.00041283 0.000737772 0.00118206 0.00157445 -0.000399558 0.000579999 0.000471541 0.000287453 0.000247247 -0.000689765 0.000321655 0.000997669 0.00043384
internal_weight=13209 6470 1800 470 302 6739 1330 168 4670 4274 1198 3486 110 2226
internal_count=13209 6470 1800 470 302 6739 1330 168 4670 4274 1198 3486 110 2226
is_linear=0
shrinkage=0.05


Tree=15
num_leaves=15
num_cat=0
split_feature=12 23 5 17 5 6 19 16 19 1 20 19 0 12
split_gain=0.773485 0.100849 0.0662197 0.0497655 0.0390667 0.0455104 0.0387857 0.038328 0.0381905 0.030586 0.0266878 0.0405663 0.0264745 0.0263034
threshold=1.0000000180025095e-35 0.014416031581152853 0.019451223435529703 4.7394365390695912 0.006140797832277051 0.014977864483788702 0.0089873731941327011 2.438240984632583 0.006875390460061301 0.032986647557660252 3.0614647751355766 0.01953299708166745 0.039413881679971362 0.040505478740075554
decision_type=2 2 2 2 2 2 2 2 2 2 2 2 2 2
left_child=8 4 3 9 -2 6 -6 -4 -1 13 11 -10 -11 -3
right_child=1 2 7 -5 5 -7 -8 -9 10 12 -12 -13 -14 -15
leaf_value=-0.00025285136443737688 0.00022425956375914376 0.00088315344676917007 0.0031889302917988971 -0.00014649006645516986 0.00043976055687062842 0.00013600709757453046 0.00098227827130929193 0.00099180488268265851 -0.00047537319762334474 0.0020924766248270397 0.00056589018334970032 -0.0014203914376362957 0.00063162755069075802 -0.00041473962879866707
leaf_weight=3369 3708 373 47 122 823 600 552 36 3236 93 58 117 48 43
leaf_count=3369 3708 373 47 122 823 600 552 36 3236 93 58 117 48 43
internal_value=4.09142e-07 0.000392572 0.000932425 0.000767169 0.000320035 0.000499647 0.000658112 0.00225911 -0.00037238 0.000967192 -0.000490329 -0.000508762 0.00160312 0.000748323
internal_weight=13225 6445 762 679 5683 1975 1375 83 6780 557 3411 3353 141 416
internal_count=13225 6445 762 679 5683 1975 1375 83 6780 557 3411 3353 141 416
is_linear=0
shrinkage=0.05


Tree=16
num_leaves=15
num_cat=0
split_feature=14 5 23 25 6 19 19 20 19 19 18 21 10 11
split_gain=0.701949 0.112462 0.0506979 0.0357268 0.0343152 0.0517888 0.0309381 0.0293732 0.0347248 0.0243922 0.0218435 0.0362929 0.0210883 0.0196321
threshold=2.5000000000000004 0.0060467883716895003 0.014647752912235502 0.032180899744858708 0.014089502651873151 0.0088098069571457011 0.007640379788506701 3.0614647751355766 0.026035962651559753 0.0048384577920364009 2.4231724258922891 0.18021757106346151 1.0000000180025095e-35 0.0053169945997149004
decision_type=2 2 2 2 2 2 2 2 2 2 2 2 2 2
left_child=6 3 4 9 5 -3 -1 8 -8 -2 11 -4 -12 -11
right_child=1 2 10 -5 -6 -7 7 -9 -10 13 12 -13 -14 -15
leaf_value=-0.00026241246072023281 9.8456450114106991e-05 0.00040384976266159931 0.0011187441820009873 -0.00012421157476860036 0.00022393527958079924 0.001036338418169657 -0.00048016880211573885 0.00060676467877127549 -0.0018390841915485606 0.0005884013872404152 0.00017305450889686761 0.0027563662230162527 0.0011474474834945812 0.00026439298208886635
leaf_weight=3998 1202 794 296 670 669 548 2656 60 47 738 110 38 112 1282
leaf_count=3998 1202 794 296 670 669 548 2656 60 47 738 110 38 112 1282
internal_value=4.64152e-06 0.000377372 0.000634222 0.000207845 0.000516922 0.000662703 -0.000351443 -0.000480127 -0.000504469 0.000276912 0.0010568 0.00131273 0.000667581 0.000383001
internal_weight=13220 6459 2567 3892 2011 1342 6761 2763 2703 3222 556 334 222 2020
internal_count=13220 6459 2567 3892 2011 1342 6761 2763 2703 3222 556 334 222 2020
is_linear=0
shrinkage=0.05


Tree=17
num_leaves=15
num_cat=0
split_feature=14 5 2 5 7 27 26 19 11 11 19 19 20 4
split_gain=0.621036 0.102071 0.0388628 0.0382298 0.0339771 0.0404798 0.033751 0.0328694 0.0323656 0.0295455 0.0379938 0.028722 0.0397155 0.0282785
threshold=1.5000000000000002 0.010393201681314652 0.013276775085541452 0.028662743764873554 0.031286303622410257 0.21063151091916352 0.13234326346651118 0.014718034663994151 0.031976576245684361 0.0064251213917987009 0.0059490852295531011 0.010575178683081502 2.6442741184418543 0.016789065072984603
decision_type=2 2 2 2 2 2 2 2 2 2 2 2 2 2
left_child=11 2 9 4 7 6 -6 -3 -9 10 -2 -1 -13 -10
right_child=1 3 -4 -5 5 -7 -8 8 13 -11 -12 12 -14 -15
leaf_value=-0.00028322540074745146 0.00020274420505508872 0.00070611190772469244 0.00061818768683716773 0.0024777677389127869 0.00039974042257933648 0.0017415154143236578 -0.0012067533757848046 0.0019423059106829345 -0.00028503035967488116 0.00010755928766678428 0.00062683726201507716 -0.00063386332500216074 0.00049564861276719192 0.0015458093564534054
leaf_weight=5500 1472 477 723 34 82 31 53 131 40 2537 824 1104 83 43
leaf_count=5500 1472 477 723 34 82 31 53 131 40 2537 824 1104 83 43
internal_value=6.10798e-06 0.00035624 0.000276469 0.000852802 0.000785522 0.000142169 -0.000235193 0.000939646 0.00145448 0.000225231 0.000355151 -0.00033146 -0.000554532 0.000670588
internal_weight=13134 6447 5556 891 857 166 135 691 214 4833 2296 6687 1187 83
internal_count=13134 6447 5556 891 857 166 135 691 214 4833 2296 6687 1187 83
is_linear=0
shrinkage=0.05


Tree=18
num_leaves=15
num_cat=0
split_feature=12 23 18 10 5 23 10 20 19 26 19 3 26 2
split_gain=0.545763 0.0842113 0.0368841 0.0305824 0.0304245 0.0468044 0.0304027 0.0288478 0.0457969 0.0194117 0.0346971 0.0285542 0.0182113 0.0329985
threshold=1.0000000180025095e-35 0.014647752912235502 1.9349452601255213 0.21874999999999997 0.014698911750684652 0.045610466182404455 0.28125000000000006 2.6442741184418543 0.030068919214066455 0.05921846776629721 0.0089873731941327011 1.9588311408620618 0.10534815475195487 0.012998609447221152
decision_type=2 2 2 2 2 2 2 2 2 2 2 2 2 2
left_child=3 6 -3 7 12 -6 9 8 -1 10 -2 -11 13 -4
right_child=1 2 4 -5 5 -7 -8 -9 -10 11 -12 -13 -14 -15
leaf_value=-0.00043822061850149797 0.00030769968424220888 0.0012099907503510859 1.2873136759925157e-05 -0.00022386316452668731 0.0023404696376576107 -0.00011466100289853234 0.00012728935388485224 0.00073063937911333951 -0.002341771269129822 0.00048252857969242598 0.00071815432892518324 -0.00022049724205525166 -0.00058490635973273541 0.001132515848018055
leaf_weight=2937 1930 337 171 3690 48 32 2501 51 31 263 703 318 50 106
leaf_count=2937 1930 337 171 3690 48 32 2501 51 31 263 703 318 50 106
internal_value=-4.708e-06 0.00032333 0.000823408 -0.000320524 0.000501133 0.00136913 0.000258096 -0.000438555 -0.000458885 0.000359813 0.00041752 9.80222e-05 0.000285254 0.000443861
internal_weight=13168 6459 744 6709 407 80 5715 3019 2968 3214 2633 581 327 277
internal_count=13168 6459 744 6709 407 80 5715 3019 2968 3214 2633 581 327 277
is_linear=0
shrinkage=0.05


Tree=19
num_leaves=15
num_cat=0
split_feature=14 19 19 5 16 11 26 15 0 13 21 26 15 22
split_gain=0.542141 0.0870926 0.0437277 0.0378883 0.0375477 0.0352657 0.0351717 0.0279163 0.0244406 0.0238817 0.088419 0.0496061 0.0419065 0.0284447
threshold=2.5000000000000004 0.012580593908490352 0.013038084828184951 0.011581395106538403 4.676241501400388 0.095444139618673554 0.057637349100122255 0.0021856967746345002 0.039413881679971362 0.13105509314996072 0.19580205680067211 0.13234326346651118 0.0006072201627367001 0.15601293029169264
decision_type=2 2 2 2 2 2 2 2 2 2 2 2 2 2
left_child=2 3 -1 6 9 8 7 -2 -6 10 11 12 -3 -14
right_child=1 4 -4 -5 5 -7 -8 -9 -10 -11 -12 -13 13 -15
leaf_value=-0.00027405615224522652 0.00022753542426513014 0.00047177666199277161 -0.00073298412205755525 0.00087701158707636367 6.5140188737234598e-05 0.0013901640261922564 -0.00030530997482043436 0.0006833809919245137 -0.0016203723870398057 -0.00010991705975566919 0.0034998481709729227 -0.001017596407274885 0.00093699106413236823 0.0018277057108879358
leaf_weight=6085 4714 249 567 235 70 34 290 361 30 51 33 32 220 156
leaf_count=6085 4714 249 567 235 70 34 290 361 30 51 33 32 220 156
internal_value=3.71868e-06 0.000329379 -0.000313278 0.000256801 0.000793055 2.25863e-05 0.000229476 0.000260089 -0.00045155 0.000932166 0.00100924 0.00087901 0.000977586 0.00131041
internal_weight=13127 6475 6652 5600 875 134 5365 5075 100 741 690 657 625 376
internal_count=13127 6475 6652 5600 875 134 5365 5075 100 741 690 657 625 376
is_linear=0
shrinkage=0.05


Tree=20
num_leaves=15
num_cat=0
split_feature=14 5 19 26 5 23 19 19 2 25 19 18 19 3
split_gain=0.454133 0.0703848 0.0279457 0.0270576 0.056307 0.0587925 0.0515693 0.030065 0.0267656 0.0326799 0.0280165 0.0207667 0.0272033 0.0243903
threshold=2.5000000000000004 0.0088107352265341509 0.0053763660601149508 0.05921846776629721 0.014698911750684652 0.015744149360114753 0.018145554455950754 0.0084619162960808524 0.013133756008934301 0.030675457221444751 0.0048384577920364009 3.2397844914532166 0.011745942128012251 12.662504476040558
decision_type=2 2 2 2 2 2 2 2 2 2 2 2 2 2
left_child=2 8 -1 7 -5 6 -6 -3 9 10 -2 12 -4 -13
right_child=1 3 11 4 5 -7 -8 -9 -10 -11 -12 13 -14 -15
leaf_value=-0.00012680770050494295 6.1197791638535897e-05 0.00034666964058169004 -0.00031976183598430219 1.6641380522641577e-05 0.00093642296522612799 0.001791044296755479 -0.00092587333595888193 0.0010999577535570789 0.00053158223860181968 -7.2639405231966384e-05 0.00035442864376247053 -0.0001339763485766771 -0.00064751152811587853 0.0011881503252160932
leaf_weight=1951 1276 193 3788 388 114 118 54 430 600 1021 2254 184 761 42
leaf_count=1951 1276 193 3788 388 114 118 54 430 600 1021 2254 184 761 42
internal_value=1.07275e-06 0.000300874 -0.000286339 0.000629976 0.000409442 0.000940418 0.000335891 0.000867525 0.000217902 0.000176439 0.000248481 -0.000351482 -0.000374721 0.00011588
internal_weight=13174 6448 6726 1297 674 286 168 623 5151 4551 3530 4775 4549 226
internal_count=13174 6448 6726 1297 674 286 168 623 5151 4551 3530 4775 4549 226
is_linear=0
shrinkage=0.05


Tree=21
num_leaves=15
num_cat=0
split_feature=14 22 27 26 19 6 5 19 25 15 19 20 5 15
split_gain=0.411056 0.0833672 0.0350014 0.0712981 0.0401466 0.0267063 0.0410575 0.0291513 0.0277882 0.0250791 0.0239917 0.0271298 0.029298 0.0220623
threshold=1.5000000000000002 0.15601293029169264 0.21063151091916352 0.11545104659568857 0.014504792378806452 0.015889356013343101 0.0060467883716895003 0.0072415143037658008 0.030675457221444751 2.5163976574482664e-05 0.0054674147830835003 2.6442741184418543 0.014698911750684652 -0.00075590254382064989
decision_type=2 2 2 2 2 2 2 2 2 2 2 2 2 2
left_child=10 5 3 4 -3 6 8 -8 -2 -6 -1 12 -12 -9
right_child=1 2 -4 -5 9 -7 7 13 -10 -11 11 -13 -14 -15
leaf_value=-0.00012578686888343416 0.00023208229823650005 0.00059743969415483828 0.0020762243381171833 -0.00027435954055306017 0.00058010757435113193 -0.00010494095491541913 0.00017728895008431228 8.6684414580102187e-06 -0.00013123316489578056 0.0018454935478286879 -0.00032412885822691279 0.00052848763106238855 -0.00099538891533521956 0.00071744088055991412
leaf_weight=2014 3081 274 50 142 54 551 540 125 634 154 4454 89 168 903
leaf_count=2014 3081 274 50 142 54 551 540 125 634 154 4454 89 168 903
internal_value=3.80725e-06 0.000287064 0.000813196 0.000708832 0.000998454 0.000226151 0.000260696 0.000475189 0.00017006 0.00152133 -0.000270311 -0.000332057 -0.000348738 0.00063135
internal_weight=13233 6508 674 624 482 5834 5283 1568 3715 208 6725 4711 4622 1028
internal_count=13233 6508 674 624 482 5834 5283 1568 3715 208 6725 4711 4622 1028
is_linear=0
shrinkage=0.05


Tree=22
num_leaves=15
num_cat=0
split_feature=12 5 20 19 4 6 20 19 6 2 25 19 17 25
split_gain=0.365144 0.0594062 0.0561757 0.0537718 0.0372531 0.0365566 0.02507 0.029907 0.0284191 0.0237926 0.0295935 0.0314257 0.0213164 0.0211033
threshold=1.0000000180025095e-35 0.0091733929635685017 2.6442741184418543 0.023677020133078205 0.031090665326916251 0.03427083442652281 2.6442741184418543 0.011124162285606953 0.039250176716752155 0.014761736653086402 0.030675457221444751 0.0048384577920364009 1.3770308472142501 0.017978505073237356
decision_type=2 2 2 2 2 2 2 2 2 2 2 2 2 2
left_child=6 9 3 5 -5 12 7 -1 -8 10 11 -2 -3 -13
right_child=1 2 -4 4 -6 -7 8 -9 -10 -11 -12 13 -14 -15
leaf_value=-0.00022413471839252908 3.585438597674398e-05 0.00081175543091267235 -0.0012480353228238529 0.00099284641104392126 0.0031604771255789436 -0.00031142344566803705 -8.0220697806604831e-05 -0.00053131540384470722 0.0017690286380457111 0.00053096527812210119 -5.6751960127943634e-05 0.00049386110133357365 0.0002750965155911993 0.00019638553389223439
leaf_weight=5711 1287 666 39 51 33 107 59 920 31 492 1137 1171 258 1218
leaf_count=5711 1287 666 39 51 33 107 59 920 31 492 1137 1171 258 1218
internal_value=2.4261e-06 0.000270864 0.000595861 0.000661417 0.00187158 0.000561102 -0.000255549 -0.000266827 0.000569183 0.000200068 0.00016614 0.000235077 0.000662369 0.000342343
internal_weight=13180 6459 1154 1115 84 1031 6721 6631 90 5305 4813 3676 924 2389
internal_count=13180 6459 1154 1115 84 1031 6721 6631 90 5305 4813 3676 924 2389
is_linear=0
shrinkage=0.05


Tree=23
num_leaves=15
num_cat=0
split_feature=12 19 16 21 6 8 27 10 20 6 19 22 19 20
split_gain=0.33182 0.0538281 0.0307893 0.0664881 0.0263885 0.02548 0.0251026 0.0230933 0.0240421 0.0224902 0.0315628 0.0228733 0.0198818 0.018734
threshold=1.0000000180025095e-35 0.0096314747925478009 2.311219892692145 0.19580205680067211 0.042898249551004207 0.9762774337431751 0.21063151091916352 0.21874999999999997 3.0614647751355766 0.023040846350128704 0.014059221842298051 0.13740844559605953 0.018145554455950754 1.248111216704533
decision_type=2 2 2 2 2 2 2 2 2 2 2 2 2 2
left_child=7 5 3 9 13 -2 -6 8 12 10 -3 -11 -1 -4
right_child=1 2 4 -5 6 -7 -8 -9 -10 11 -12 -13 -14 -15
leaf_value=-0.00033423688440913958 0.00022461022265651411 0.00052594572501008592 -0.00010332277461202467 0.0029210375051104253 -0.0016164637743369551 -7.1072733362547867e-05 0.0002589487044938973 -0.00016176240849420911 0.0010378631416730765 -0.0005958191953832284 0.0012244906512001623 0.00047859848133680635 -0.00094549799670598338 0.00053545415801811735
leaf_weight=2820 3780 758 175 30 36 902 34 3686 30 74 206 145 139 331
leaf_count=2820 3780 758 175 30 36 902 34 3686 30 74 206 145 139 331
internal_value=1.73575e-06 0.000256847 0.00049008 0.000632952 0.000188631 0.000167643 -0.000714732 -0.000245581 -0.000348856 0.00057251 0.000676334 0.000114495 -0.000363261 0.000314765
internal_weight=13146 6471 1789 1213 576 4682 70 6675 2989 1183 964 219 2959 506
internal_count=13146 6471 1789 1213 576 4682 70 6675 2989 1183 964 219 2959 506
is_linear=0
shrinkage=0.05


Tree=24
num_leaves=15
num_cat=0
split_feature=12 23 18 1 12 21 0 5 11 19 19 19 18 19
split_gain=0.30665 0.0526169 0.0359902 0.0513403 0.0376161 0.0285635 0.027058 0.0263046 0.022 0.0219233 0.020031 0.0177159 0.01798 0.0175251
threshold=1.0000000180025095e-35 0.007299980602543151 2.4231724258922891 0.032986647557660252 0.043975258618403859 0.18021757106346151 0.039413881679971362 0.015343750941544302 0.05345870315316411 0.012072191246032352 0.014059221842298051 0.005401779667517051 4.2994903824851294 0.026035962651559753
decision_type=2 2 2 2 2 2 2 2 2 2 2 2 2 2
left_child=7 8 3 4 10 6 -5 11 9 -2 -3 -1 -13 -9
right_child=1 2 -4 5 -6 -7 -8 13 -10 -11 -12 12 -14 -15
leaf_value=-9.8068060204217381e-05 0.00013098903992393002 0.00047059177854626443 0.0001009076641105022 0.0012781589571386578 -0.00069764531625837864 0.0024276786780154163 -0.00029533772047965186 -0.00060100653289078647 -0.00092832518919826819 0.00059026763790214799 0.001363068788117771 -0.0002894114321821464 0.00059732256841957211 -0.0019188055396432793
leaf_weight=1946 4223 1117 527 149 66 43 33 115 46 276 66 4519 57 32
leaf_count=1946 4223 1117 527 149 66 43 33 115 46 276 66 4519 57 32
internal_value=-8.94054e-07 0.000242196 0.000455786 0.000582512 0.000456564 0.00127655 0.0009928 -0.000239501 0.00014808 0.000159289 0.000521493 -0.000224503 -0.000278238 -0.000898901
internal_weight=13215 6546 2001 1474 1249 225 182 6669 4545 4499 1183 6522 4576 147
internal_count=13215 6546 2001 1474 1249 225 182 6669 4545 4499 1183 6522 4576 147
is_linear=0
shrinkage=0.05


Tree=25
num_leaves=15
num_cat=0
split_feature=14 5 18 1 6 4 7 16 5 6 1 5 5 20
split_gain=0.286834 0.0465562 0.0341025 0.0693937 0.0302438 0.0317052 0.0276916 0.03022 0.0236483 0.027992 0.0255732 0.02254 0.0212153 0.0252708
threshold=2.5000000000000004 0.0098604444661146515 3.1778203927903177 0.070616120375207064 0.042898249551004207 0.023107007060058107 0.024467920843329053 0.93548859813761609 0.0034349507882407006 0.012778588512635752 0.023918043179581201 0.012747274149535802 0.0053711171150790009 2.6442741184418543
decision_type=2 2 2 2 2 2 2 2 2 2 2 2 2 2
left_child=12 8 3 6 5 -4 11 -8 -2 10 -10 -3 -1 -14
right_child=1 2 4 -5 -6 -7 7 -9 9 -11 -12 -13 13 -15
leaf_value=-0.00015432828413281937 3.0967915183226718e-05 0.00048243027198845113 -0.00040791022959941374 0.0025607305214456894 -0.001151549575083396 0.0016260411754046801 0.00087409955110522106 -0.00039201560099801769 0.00028036310711191461 -6.0165477373471079e-06 0.00079613649004110776 0.0010990555348848097 -0.00036430305417195057 0.00063560878297704015
leaf_weight=4240 1696 376 47 45 50 31 72 132 2730 806 263 247 2423 64
leaf_count=4240 1696 376 47 45 50 31 72 132 2730 806 263 247 2423 64
internal_value=6.42199e-06 0.000243408 0.000557074 0.000668851 -0.000203685 0.000410805 0.000562939 5.69326e-05 0.000186235 0.000255525 0.000325936 0.000728272 -0.000222393 -0.000338326
internal_weight=13222 6495 1000 872 128 78 827 204 5495 3799 2993 623 6727 2487
internal_count=13222 6495 1000 872 128 78 827 204 5495 3799 2993 623 6727 2487
is_linear=0
shrinkage=0.05


Tree=26
num_leaves=15
num_cat=0
split_feature=14 5 25 23 6 1 7 19 17 19 3 19 21 3
split_gain=0.246123 0.0389118 0.0260998 0.0229015 0.0295904 0.0231182 0.0378492 0.0230818 0.0224656 0.022065 0.0242137 0.0209369 0.0199313 0.0198239
threshold=2.5000000000000004 0.0060467883716895003 0.030147147219350252 0.014647752912235502 0.014977864483788702 0.080744084991852719 0.017323574090257504 0.0061550403315010502 5.0658857469914294 0.010722860221717251 12.662504476040558 0.0077150685864348012 0.24983114137448173 1.0282651697734557
decision_type=2 2 2 2 2 2 2 2 2 2 2 2 2 2
left_child=9 2 11 4 7 6 -5 -3 -8 -1 12 -2 -11 -6
right_child=1 3 -4 5 13 -7 8 -9 -10 10 -12 -13 -14 -15
leaf_value=-0.00017625935238202678 0.0001253428795103077 2.2832775769511622e-05 -0.00014001854283190817 0.00092041667437021317 0.00063792915080010089 0.0017168394066987835 0.00031449293818249608 0.00051522332350997617 -0.00092802594237505133 -0.00042740529516562095 0.00062737099569343605 0.0004891644118309664 -0.0015956524924963323 -0.00012830291849764649
leaf_weight=5577 2590 301 798 289 100 46 160 1138 46 1047 52 466 37 513
leaf_count=5577 2590 301 798 289 100 46 160 1138 46 1047 52 466 37 513
internal_value=-5.3419e-06 0.000215288 0.000114482 0.000365014 0.000288465 0.000654296 0.000552292 0.000412316 3.38944e-05 -0.00021723 -0.000418034 0.000180963 -0.000468715 -2.47045e-06
internal_weight=13160 6447 3854 2593 2052 541 495 1439 206 6713 1136 3056 1084 613
internal_count=13160 6447 3854 2593 2052 541 495 1439 206 6713 1136 3056 1084 613
is_linear=0
shrinkage=0.05


Tree=27
num_leaves=15
num_cat=0
split_feature=12 2 5 6 5 2 18 13 8 5 7 18 18 23
split_gain=0.240775 0.0548512 0.0277461 0.0234373 0.0238352 0.0190047 0.0425631 0.0252729 0.0218428 0.0170774 0.0167496 0.0162814 0.0151631 0.0170625
threshold=-0.0028619179127872493 0.014035630682987152 0.011969094146827451 0.012948391957582052 0.0047893445688434516 0.039144227821376706 3.3888569235514852 0.13105509314996072 0.69922840159727684 0.0053711171150790009 0.0035865126168833001 4.2994903824851294 2.7343033491727646 0.021270473431514402
decision_type=2 2 2 2 2 2 2 2 2 2 2 2 2 2
left_child=9 2 3 4 10 7 8 -3 -7 -1 -2 -11 13 -4
right_child=1 5 12 -5 -6 6 -8 -9 -10 11 -12 -13 -14 -15
leaf_value=-0.00014468646610554648 0.00019858901005854625 0.00053588492469604221 0.0006147977787609349 -0.00014873047730774985 0.00031470725613248936 0.0010213093640392317 -0.0003166933525203457 -0.00067905768959058662 0.0029186746405978361 -0.00032654182853568544 -5.0087909912221284e-05 0.00073154657637477052 -0.00015733167596268828 0.001814198669578348
leaf_weight=4193 1392 947 213 659 1744 33 30 44 30 2421 1317 36 51 34
leaf_count=4193 1392 947 213 659 1744 33 30 44 30 2421 1317 36 51 34
internal_value=5.37986e-06 0.000221917 0.000156811 0.0001294 0.000170584 0.000546403 0.00122751 0.000481312 0.0019563 -0.000206079 7.77191e-05 -0.000310747 0.000625025 0.000786547
internal_weight=13144 6494 5410 5112 4453 1084 93 991 63 6650 2709 2457 298 247
internal_count=13144 6494 5410 5112 4453 1084 93 991 63 6650 2709 2457 298 247
is_linear=0
shrinkage=0.05


Tree=28
num_leaves=15
num_cat=0
split_feature=12 10 6 13 18 1 8 19 15 19 7 19 11 19
split_gain=0.194608 0.0322467 0.0240305 0.0704613 0.0695616 0.0309331 0.0191595 0.0180748 0.0153904 0.0411968 0.0151419 0.0261055 0.016001 0.0212989
threshold=-0.0028619179127872493 0.052083333333333308 0.049190342046820955 0.13105509314996072 3.1778203927903177 0.060378740168257651 0.95541315682597194 0.005401779667517051 -0.0056936053346472995 0.026035962651559753 0.042374703842401107 0.017623476722812503 0.0057193655212770004 0.0041917973352372509
decision_type=2 2 2 2 2 2 2 2 2 2 2 2 2 2
left_child=7 2 3 5 -4 6 -2 -1 -9 -10 11 12 13 -3
right_child=1 10 4 -5 -6 -7 -8 8 9 -11 -12 -13 -14 -15
leaf_value=-6.5946162414708657e-05 0.00045559488647601047 -1.3728456065035578e-05 0.0029146169151786265 -0.0015353515193018378 -0.00040027705892439812 0.0016022365537983385 7.1745393691451725e-05 0.00072833649057429289 -0.00024331458116520177 -0.0018358046648933029 -0.00098100175420122774 0.0011556109791377286 3.8009305280086815e-05 0.00034610400954502598
leaf_weight=1894 1188 613 32 48 30 50 448 39 4598 40 30 60 2765 1248
leaf_count=1894 1188 613 32 48 30 50 448 39 4598 40 30 60 2765 1248
internal_value=-4.34615e-06 0.000189351 0.0003696 0.000334523 0.00132974 0.000388637 0.00035059 -0.000196303 -0.000249068 -0.000257442 0.000120642 0.000127903 0.000114326 0.000227634
internal_weight=13083 6512 1796 1734 62 1686 1636 6571 4677 4638 4716 4686 4626 1861
internal_count=13083 6512 1796 1734 62 1686 1636 6571 4677 4638 4716 4686 4626 1861
is_linear=0
shrinkage=0.05


Tree=29
num_leaves=15
num_cat=0
split_feature=14 5 23 6 25 3 4 5 18 21 13 5 2 12
split_gain=0.180742 0.0436504 0.0214883 0.0207042 0.0205526 0.0205111 0.0171524 0.0160392 0.0156431 0.0179675 0.0150714 0.0267862 0.0143536 0.0176477
threshold=1.0000000180025095e-35 0.0062221109611995005 0.014102928395199303 0.03197869599090896 0.030147147219350252 1.9707130232216887 0.012709338161187802 0.0034349507882407006 3.1236173940519136 0.21743901398385082 0.13105509314996072 0.021045932913047804 0.032946916218970806 0.052943293712425156
decision_type=2 2 2 2 2 2 2 2 2 2 2 2 2 2
left_child=6 4 3 -3 7 -5 -1 -2 9 -8 11 12 13 -4
right_child=1 2 10 5 -6 -7 8 -9 -10 -11 -12 -13 -14 -15
leaf_value=-0.00015607750505023944 2.7837446972933449e-05 0.00031373995293575 0.00070272098805990342 0.0001760647841729224 -0.0001323529059512736 -0.0012147087831464081 -0.000433338172946163 0.00025295650386507605 0.00033898544305327141 -0.0016715613657593605 -0.00017332737592773306 0.0019069236838583682 0.0016410372505385067 -3.87616961472015e-05
leaf_weight=5966 1525 1794 328 64 848 44 591 1644 61 30 53 42 30 106
leaf_count=5966 1525 1794 328 64 848 44 591 1644 61 30 53 42 30 106
internal_value=-1.46474e-07 0.000187796 0.000353576 0.000273224 8.61687e-05 -0.000396493 -0.000183283 0.000144667 -0.000420699 -0.000495747 0.000625996 0.000709897 0.000597677 0.000521949
internal_weight=13126 6478 2461 1902 4017 108 6648 3169 682 621 559 506 464 434
internal_count=13126 6478 2461 1902 4017 108 6648 3169 682 621 559 506 464 434
is_linear=0
shrinkage=0.05


Tree=30
num_leaves=15
num_cat=0
split_feature=14 23 16 5 5 5 5 8 2 13 1 17 8 12
split_gain=0.148694 0.0334821 0.0255099 0.0405764 0.0433775 0.0334837 0.0272601 0.0220262 0.0220064 0.0180192 0.0170604 0.0228927 0.0165086 0.0259109
threshold=1.5000000000000002 0.014647752912235502 2.2481399427334723 0.019451223435529703 0.013865911902561302 0.021045932913047804 0.011415080816219052 0.97095993579900564 0.014035630682987152 0.039269171923652903 0.030958276504533502 4.6199810356970934 0.73494013280292425 0.050962759397659756
decision_type=2 2 2 2 2 2 2 2 2 2 2 2 2 2
left_child=-1 7 5 4 6 12 10 8 9 -2 -4 -12 -3 -14
right_child=1 2 3 -5 -6 -7 -8 -9 -10 -11 11 -13 13 -15
leaf_value=-0.00016622369329200026 0.00016559712832408892 0.0008322511200531728 -3.3292839554987386e-05 -0.0013904432909419904 0.0020939424220893172 0.0020443526659767296 -0.001208040734533878 -4.9997677241561987e-05 0.00050295888218594579 -0.00039159966457715342 0.0019063117547017156 1.3653644418809564e-05 0.00047969281730614278 -0.0011163166093249475
leaf_weight=6655 3755 252 112 38 30 42 33 1313 479 150 32 31 141 30
leaf_count=6655 3755 252 112 38 30 42 33 1313 479 150 32 31 141 30
internal_value=-5.06981e-07 0.000170795 0.000486755 0.000105396 0.000349046 0.000712398 8.85633e-05 0.00012962 0.000183414 0.000144099 0.00033854 0.000989769 0.000575637 0.000194829
internal_weight=13093 6438 741 276 238 465 208 5697 4384 3905 175 63 423 171
internal_count=13093 6438 741 276 238 465 208 5697 4384 3905 175 63 423 171
is_linear=0
shrinkage=0.05


Tree=31
num_leaves=15
num_cat=0
split_feature=14 5 20 1 26 19 22 11 5 22 8 22 25 22
split_gain=0.149965 0.035164 0.0282348 0.0529508 0.0278777 0.0337026 0.0179732 0.0285191 0.021598 0.0215202 0.0187347 0.0175919 0.0165091 0.0242725
threshold=2.5000000000000004 0.0074482433269750003 3.0614647751355766 0.080744084991852719 0.05921846776629721 0.0088098069571457011 0.14148585294586721 0.038205372457658253 0.013003033250146801 0.18313482619556279 0.48560266378560957 0.17081671679938118 0.030147147219350252 0.17875132921856568
decision_type=2 2 2 2 2 2 2 2 2 2 2 2 2 2
left_child=-1 12 3 4 5 -3 8 10 -6 -9 -8 -12 -2 -14
right_child=1 2 -4 -5 6 -7 7 9 -10 -11 11 -13 13 -15
leaf_value=-0.00016044565052752719 0.00015895059722146557 0.00017314981295963995 -0.0011329729230173172 0.00196325828560825 -0.00047021796193768997 0.00075014996291186741 -0.00035917984429173749 0.00067066709407501753 0.00043731160939818156 -0.00064873624010354926 0.00026498129603768158 0.0012164553853161184 -0.00010732915372332826 0.0010298967760588443
leaf_weight=6674 3487 439 30 51 211 599 38 44 94 98 81 123 1106 48
leaf_count=6674 3487 439 30 51 211 599 38 44 94 98 81 123 1106 48
internal_value=5.69294e-06 0.000177626 0.000364631 0.000390523 0.000342969 0.000506522 9.61949e-05 0.000323418 -0.000190005 -0.000238076 0.000652514 0.0008418 0.000104712 -5.91761e-05
internal_weight=13123 6449 1808 1778 1727 1038 689 384 305 142 242 204 4641 1154
internal_count=13123 6449 1808 1778 1727 1038 689 384 305 142 242 204 4641 1154
is_linear=0
shrinkage=0.05


Tree=32
num_leaves=15
num_cat=0
split_feature=12 19 7 17 15 27 10 15 6 12 21 8 6 15
split_gain=0.132719 0.0379645 0.0330785 0.0286116 0.0484353 0.0247942 0.0192894 0.0192728 0.0201601 0.0171108 0.0210969 0.0168915 0.0162902 0.0209173
threshold=-0.0028619179127872493 0.010722860221717251 0.016397786129254653 1.9976045342526585 0.0060711169263202511 0.090001859789960323 0.15624999999999997 0.0012295432652169502 0.039250176716752155 0.092903758556730817 0.13069344920291032 0.97095993579900564 0.0069167271939723505 -0.00038908168700504991
decision_type=2 2 2 2 2 2 2 2 2 2 2 2 2 2
left_child=-1 11 5 9 6 12 7 -5 -9 10 -4 -2 -3 -14
right_child=1 2 3 4 -6 -7 -8 8 -10 -11 -12 -13 13 -15
leaf_value=-0.00016028664738746787 0.00014353951986148923 0.00098714902211890338 0.00041088188787657222 -0.00015084764678800189 0.0014129336741639346 0.0019256171246524901 0.00039766357615263318 -0.00060515696311051238 -0.0020103195738883166 -0.00048444406202179384 0.0015580680454149844 -7.6086723218904824e-05 -0.00025290841994648599 0.000585338000669391
leaf_weight=6656 4065 171 252 108 40 35 56 78 38 41 47 1115 93 362
leaf_count=6656 4065 171 252 108 40 35 56 78 38 41 47 1115 93 362
internal_value=-3.35572e-06 0.000157317 0.000396486 0.000145747 -0.000193318 0.000646248 -0.000426994 -0.00063401 -0.00107872 0.000464498 0.000595801 9.62592e-05 0.000571761 0.000413825
internal_weight=13157 6501 1321 660 320 661 280 224 116 340 299 5180 626 455
internal_count=13157 6501 1321 660 320 661 280 224 116 340 299 5180 626 455
is_linear=0
shrinkage=0.05


Tree=33
num_leaves=15
num_cat=0
split_feature=12 2 26 19 11 20 16 26 19 18 18 19 18 19
split_gain=0.111133 0.0305104 0.0225067 0.0506345 0.0414288 0.0209313 0.0206867 0.0200011 0.0190545 0.0184761 0.0170497 0.0161676 0.015947 0.0226808
threshold=1.0000000180025095e-35 0.012590835237024652 0.10534815475195487 0.01953299708166745 0.095444139618673554 2.0107921229603805 1.3943965900855242 0.052451577083937259 0.010891249158623351 1.9105379158566709 3.0229763251456814 0.005401779667517051 2.0374706883409419 0.016641706642842102
decision_type=2 2 2 2 2 2 2 2 2 2 2 2 2 2
left_child=11 6 3 7 5 9 -2 8 -3 -4 -11 -1 13 -13
right_child=1 2 4 -5 -6 -7 -8 -9 -10 10 -12 12 -14 -15
leaf_value=-2.9926157655831096e-05 0.00017269247944826181 0.00037795318868510161 -0.0010584170487709344 0.0020722134544959537 0.0010515692220492796 -0.0015323763526976109 -2.7898836144490109e-05 8.6889410735348742e-05 0.00098871853128498929 0.00097568455792497845 -0.00054860128096633539 -0.00022477054692979505 -2.8366466355978844e-05 -0.00086296986635967074
leaf_weight=1933 2923 475 39 45 54 39 2293 380 175 39 33 3587 1042 144
leaf_count=1933 2923 475 39 45 54 39 2293 380 175 39 33 3587 1042 144
internal_value=-9.17978e-06 0.00013822 0.000356974 0.000448278 -0.000124002 -0.00055137 8.45223e-05 0.000375388 0.000543656 -0.000196087 0.000279109 -0.000151941 -0.000201339 -0.000249627
internal_weight=13201 6495 1279 1075 204 150 5216 1030 650 111 72 6706 4773 3731
internal_count=13201 6495 1279 1075 204 150 5216 1030 650 111 72 6706 4773 3731
is_linear=0
shrinkage=0.05


Tree=34
num_leaves=15
num_cat=0
split_feature=12 22 20 1 26 19 24 3 1 22 12 15 20 27
split_gain=0.1025 0.023978 0.0209371 0.0506051 0.0296886 0.0265089 0.0185264 0.0228801 0.0181819 0.0139043 0.0199875 0.0187482 0.0163783 0.0138248
threshold=1.0000000180025095e-35 0.085147734945429709 2.6442741184418543 0.080744084991852719 0.11545104659568857 0.01953299708166745 0.057419427884970106 2.0067220333770375 0.038498617566305855 0.15601293029169264 0.043975258618403859 0.0033228725388532504 1.7725625233680271 0.04886107918559076
decision_type=2 2 2 2 2 2 2 2 2 2 2 2 2 2
left_child=-1 13 3 4 5 9 -6 -8 -7 10 11 -3 -12 -2
right_child=1 2 -4 -5 6 8 7 -9 -10 -11 12 -13 -14 -15
leaf_value=-0.00014022893133293636 7.1593534577771403e-05 0.00023982962361793013 -0.00062424357491371626 0.0019730381484572889 0.00029278338213074715 0.0020896041568255787 4.7606721636839214e-06 -0.0016915049039475296 0.00049639559084815649 0.00051051299493270498 -0.00024235371469809024 0.00097594361893994655 0.00048488891072932409 -0.00050527528450589314
leaf_weight=6718 3548 1488 66 42 46 32 35 45 41 431 368 91 97 106
leaf_count=6718 3548 1488 66 42 46 32 35 45 41 431 368 91 97 106
internal_value=-3.62653e-06 0.000138961 0.00024954 0.000270995 0.000243534 0.000280632 -0.000502969 -0.000958492 0.00121359 0.000252635 0.000198036 0.000282844 -8.99344e-05 5.47253e-05
internal_weight=13154 6436 2782 2716 2674 2548 126 80 73 2475 2044 1579 465 3654
internal_count=13154 6436 2782 2716 2674 2548 126 80 73 2475 2044 1579 465 3654
is_linear=0
shrinkage=0.05


Tree=35
num_leaves=15
num_cat=0
split_feature=12 23 22 23 1 0 18 18 19 24 24 5 6 22
split_gain=0.10147 0.029145 0.0245514 0.0264597 0.0301936 0.0209806 0.0200945 0.0200734 0.0202177 0.0187099 0.0178166 0.0155978 0.0162564 0.0202654
threshold=-0.0028619179127872493 0.012941177666148501 0.20000916832793728 0.078003997714755705 0.080744084991852719 0.039413881679971362 3.0714434518913003 4.2994903824851294 0.010722860221717251 0.030816136333377604 0.074679131847291205 0.0036848595409737003 0.012778588512635752 0.08596039269753987
decision_type=2 2 2 2 2 2 2 2 2 2 2 2 2 2
left_child=7 10 5 4 6 -3 9 8 -1 -4 11 -2 -13 -14
right_child=1 2 3 -5 -6 -7 -8 -9 -10 -11 -12 12 13 -15
leaf_value=-0.00010454144903061205 -5.4054145172670695e-06 0.00032934713613017171 0.00054891673229467963 -0.0004094863354968017 0.0022793537923568039 -0.00085062864411156636 -0.00038474017168365184 0.00078322643402300909 -0.00034136677691693536 0.0019430673567769237 -0.00058635088091876396 0.0002328599204612004 -0.00040817325703649068 0.00013022179967052543
leaf_weight=5507 1876 661 66 33 42 39 30 58 1077 38 92 2727 237 657
leaf_count=5507 1876 661 66 33 42 39 30 58 1077 38 92 2727 237 657
internal_value=2.30052e-06 0.000142765 0.000405189 0.000879618 0.00112227 0.000262486 0.000745408 -0.000135119 -0.000143327 0.00107197 0.000100019 0.000111611 0.00017222 -1.28037e-05
internal_weight=13140 6498 909 209 176 700 134 6642 6584 104 5589 5497 3621 894
internal_count=13140 6498 909 209 176 700 134 6642 6584 104 5589 5497 3621 894
is_linear=0
shrinkage=0.05


Tree=36
num_leaves=15
num_cat=0
split_feature=12 22 3 26 16 23 23 20 6 16 18 6 5 0
split_gain=0.08806 0.0194636 0.0235746 0.0241849 0.0289999 0.0229974 0.0195875 0.0230361 0.0175076 0.0171716 0.0160594 0.01754 0.0177998 0.0252311
threshold=-0.0038124771178212995 0.08596039269753987 10.712509048893409 0.13234326346651118 2.311219892692145 0.055426028066063657 0.035411757998326708 1.6516922442179094 0.012948391957582052 7.3929461468795727 3.5817855294756824 0.039250176716752155 0.012747274149535802 0.026154731945898502
decision_type=2 2 2 2 2 2 2 2 2 2 2 2 2 2
left_child=-1 8 3 5 -5 9 7 -6 -2 10 11 12 13 -3
right_child=1 2 -4 4 6 -7 -8 -9 -10 -11 -12 -13 -14 -15
leaf_value=-0.00012960053097435461 8.5132926966978895e-05 0.00024592977061330021 0.0011171332149039189 0.00066547653660541627 -0.0013781619483544943 0.0015945082296140404 -0.0019366779843039694 0.00052262377558332505 -0.00033560854766195771 -0.00057280402856342723 0.00099185722959061568 -0.00095942066343981903 0.00057908177124883157 -0.00030927402610371235
leaf_weight=6602 3510 1800 72 40 30 30 31 32 265 65 69 30 329 230
leaf_count=6602 3510 1800 72 40 30 30 31 32 265 65 69 30 329 230
internal_value=-8.26011e-07 0.000129309 0.000230254 0.000206074 -0.000448997 0.000240363 -0.000930321 -0.000404388 5.55164e-05 0.000223636 0.000244922 0.000222942 0.000238379 0.000182904
internal_weight=13135 6533 2758 2686 133 2553 93 62 3775 2523 2458 2389 2359 2030
internal_count=13135 6533 2758 2686 133 2553 93 62 3775 2523 2458 2389 2359 2030
is_linear=0
shrinkage=0.05


Tree=37
num_leaves=15
num_cat=0
split_feature=14 19 6 2 6 13 21 21 2 11 19 5 3 20
split_gain=0.0819476 0.0298713 0.0252937 0.0246482 0.0302932 0.0287105 0.0323468 0.0364718 0.0186478 0.0174214 0.0240429 0.014554 0.0180521 0.0227525
threshold=2.5000000000000004 0.011227787839310653 0.0097110466634621525 0.039144227821376706 0.049190342046820955 0.13105509314996072 0.19580205680067211 0.16634263285897632 0.019284737758087953 0.0064251213917987009 0.0059490852295531011 0.013865911902561302 2.4466636305746312 1.3084950020514976
decision_type=2 2 2 2 2 2 2 2 2 2 2 2 2 2
left_child=-1 9 -3 5 -5 6 7 8 -4 10 -2 12 -10 -14
right_child=1 2 3 4 -6 -7 -8 -9 11 -11 -12 -13 13 -15
leaf_value=-0.00012426084914763513 5.0391980254196607e-05 0.00076361691595985663 5.5058418170612795e-05 0.00027750605184241736 0.0021585781100605219 -0.0010637616144215808 0.0015939551667543128 -0.0012627355029425499 0.0011041447807376525 -1.0070560891775391e-05 0.00037570022067788555 0.001285163273490271 -0.00095105752712342808 0.0005878273501052875
leaf_weight=6688 1515 282 497 56 34 46 39 43 51 2841 908 58 40 57
leaf_count=6688 1515 282 497 56 34 46 39 43 51 2841 908 58 40 57
internal_value=-1.55541e-06 0.000125343 0.000350027 0.0002227 0.00100404 0.000136972 0.000208598 0.000134136 0.00022125 7.39383e-05 0.000172403 0.000620004 0.000352457 -4.99936e-05
internal_weight=13155 6467 1203 921 90 831 785 746 703 5264 2423 206 148 97
internal_count=13155 6467 1203 921 90 831 785 746 703 5264 2423 206 148 97
is_linear=0
shrinkage=0.05


Tree=38
num_leaves=15
num_cat=0
split_feature=12 23 8 19 23 21 13 22 3 15 5 22 22 24
split_gain=0.0597819 0.0206779 0.0190488 0.0188194 0.0169987 0.036597 0.0337875 0.0153436 0.015518 0.0150068 0.0125673 0.0124632 0.0123968 0.011785
threshold=1.0000000180025095e-35 0.0053148658992015511 0.65793160754763869 0.030068919214066455 0.038056832610150457 0.19580205680067211 0.13105509314996072 0.23969706484928427 1.569167794171497 -5.9878596378126752e-05 0.0053711171150790009 0.059659407718527409 0.17875132921856568 0.037165836279867102
decision_type=2 2 2 2 2 2 2 2 2 2 2 2 2 2
left_child=3 11 7 10 5 13 12 9 -9 -3 -1 -2 -6 -4
right_child=1 2 4 -5 6 -7 -8 8 -10 -11 -12 -13 -14 -15
leaf_value=-5.3998117841321493e-05 -9.4939553782934393e-05 9.7584037496181703e-05 0.00015993532529246028 -0.0011938381391519216 -0.00053027089146014887 0.0017475067603620973 -0.0019190951640813447 0.0015381534673416845 0.00021252228820230814 0.0004562030945850314 -0.00019651006573156117 9.404669206879069e-05 0.00081719329722428459 -0.00020923212377561463
leaf_weight=4248 1390 524 1085 39 37 33 30 51 39 659 2433 2339 30 269
leaf_count=4248 1390 524 1085 39 37 33 30 51 39 659 2433 2339 30 269
internal_value=-7.90301e-06 0.000100373 0.000204175 -0.000112408 8.2359e-05 0.000127242 -0.000554176 0.000346005 0.000972361 0.000297572 -0.000105918 2.35947e-05 7.62162e-05 8.64923e-05
internal_weight=13206 6486 2757 6720 1484 1387 97 1273 90 1183 6681 3729 67 1354
internal_count=13206 6486 2757 6720 1484 1387 97 1273 90 1183 6681 3729 67 1354
is_linear=0
shrinkage=0.05


Tree=39
num_leaves=15
num_cat=0
split_feature=14 5 7 6 23 21 24 23 21 21 3 21 21 10
split_gain=0.0612555 0.0290489 0.0162147 0.0159658 0.0204277 0.014655 0.040314 0.0472646 0.0172757 0.0138399 0.0138061 0.012878 0.0125766 0.0113465
threshold=2.5000000000000004 0.0074482433269750003 0.0035865126168833001 0.016084283203357454 0.0018172649156994003 0.19580205680067211 0.10819630009035362 0.042536620583804058 0.16634263285897632 0.064143872101389068 3.7235969645936646 0.10020724618054336 0.034100704616799156 0.21874999999999997
decision_type=2 2 2 2 2 2 2 2 2 2 2 2 2 2
left_child=13 2 12 9 -5 8 -7 -8 -6 -3 -11 -12 -2 -1
right_child=1 3 -4 4 5 6 7 -9 -10 10 11 -13 -14 -15
leaf_value=-0.00017710289868635835 3.9949786338496466e-05 0.00017987291313483102 -3.220209433067153e-05 -0.00075594491036099507 0.00015866707048142325 0.0019695282720203979 0.0012857204980470918 -0.0013903713023120708 -0.00088588829791216666 0.00041761444334434937 0.00068664504343849753 0.0017505559762074159 0.00030268654971021331 -4.6143645747548643e-05
leaf_weight=3004 1000 430 2747 63 498 39 32 32 42 509 116 38 836 3681
leaf_count=3004 1000 430 2747 63 498 39 32 32 42 509 116 38 836 3681
internal_value=7.57461e-07 0.000111545 4.46874e-05 0.000281748 9.62219e-05 0.00018076 0.000724304 -5.31304e-05 7.59365e-05 0.000401387 0.000544567 0.000958769 0.000159683 -0.00010501
internal_weight=13067 6382 4583 1799 706 643 103 64 540 1093 663 154 1836 6685
internal_count=13067 6382 4583 1799 706 643 103 64 540 1093 663 154 1836 6685
is_linear=0
shrinkage=0.05


Tree=40
num_leaves=15
num_cat=0
split_feature=12 22 26 19 21 21 0 21 12 7 19 8 19 16
split_gain=0.0576469 0.0191085 0.033017 0.0349837 0.0215038 0.0444781 0.0192798 0.0151125 0.020424 0.0151044 0.0148933 0.0134015 0.0119548 0.0121426
threshold=-0.0028619179127872493 0.15601293029169264 0.10534815475195487 0.014718034663994151 0.24983114137448173 0.19580205680067211 0.035224305002425009 0.11311793447908476 0.052943293712425156 0.00034298714473670006 0.01953299708166745 0.38415170485722644 0.0050999970569966515 1.8651861922515911
decision_type=2 2 2 2 2 2 2 2 2 2 2 2 2 2
left_child=12 9 3 11 5 10 7 -5 -9 -2 -4 -3 -1 -14
right_child=1 2 4 6 -6 -7 -8 8 -10 -11 -12 -13 13 -15
leaf_value=1.5178579776322332e-05 0.0002879861765249707 -0.00024730021420206564 8.2810284543989446e-05 0.0013395080328336918 -0.0010593902058899404 0.0016066845600643997 0.0018861369401412577 0.0011849718031418674 -0.00047374880054920182 4.6731695619196288e-05 -0.00099479322368279093 0.00047938393935452196 -0.00019369398906468182 -2.8086736365566361e-05
leaf_weight=1651 743 95 89 63 49 38 56 33 40 5074 49 187 3402 1641
leaf_count=1651 743 95 89 63 49 38 56 33 40 5074 49 187 3402 1641
internal_value=1.44822e-06 0.000107307 0.000354131 0.000590499 -0.000144228 0.000115107 0.00110935 0.000778057 0.000281964 7.75911e-05 -0.000304221 0.00023457 -0.000101596 -0.000139821
internal_weight=13210 6516 699 474 225 176 192 136 73 5817 138 282 6694 5043
internal_count=13210 6516 699 474 225 176 192 136 73 5817 138 282 6694 5043
is_linear=0
shrinkage=0.05


Tree=41
num_leaves=15
num_cat=0
split_feature=12 21 21 16 19 20 26 19 18 25 21 27 15 5
split_gain=0.050529 0.0200035 0.0354031 0.0245352 0.03278 0.0217718 0.0142862 0.0154547 0.0162771 0.0290619 0.0141352 0.0156476 0.0139504 0.0330366
threshold=-0.0028619179127872493 0.35426085097184096 0.19580205680067211 1.3943965900855242 0.0083959867115873024 1.839463184411362 0.13234326346651118 0.014718034663994151 1.8872869491271513 0.079915042061366209 0.11042089857093791 0.085282637985144766 -0.0056936053346472995 0.023650785850000706
decision_type=2 2 2 2 2 2 2 2 2 2 2 2 2 2
left_child=12 2 3 4 -2 -4 7 -5 9 -9 -10 -12 -1 -14
right_child=1 -3 5 6 -6 -7 -8 8 10 -11 11 -13 13 -15
leaf_value=0.00086905107128660425 7.5329003884948295e-05 -0.0011124259244431468 0.00025277822019739282 -3.3285129075624962e-05 0.00040651902735426419 0.0019588699320149494 -0.00079863860390328801 0.00055595460764475558 0.0015679103743939382 -0.0012913135195370107 -0.00037974483581283729 0.00087943211084861748 -9.6947489930345159e-05 -0.001733176216798564
leaf_weight=36 2322 33 35 2667 1101 40 56 56 36 33 38 67 6528 30
leaf_count=36 2322 33 35 2667 1101 40 56 56 36 33 38 67 6528 30
internal_value=-1.79812e-06 9.73055e-05 0.000103665 9.08632e-05 0.000181943 0.0011765 -1.47388e-05 6.84626e-07 0.000393025 -0.000135725 0.00072538 0.000424447 -9.92485e-05 -0.000104696
internal_weight=13078 6484 6451 6376 3423 75 2953 2897 230 89 141 105 6594 6558
internal_count=13078 6484 6451 6376 3423 75 2953 2897 230 89 141 105 6594 6558
is_linear=0
shrinkage=0.05


Tree=42
num_leaves=15
num_cat=0
split_feature=14 21 22 7 5 0 11 18 18 2 15 15 21 24
split_gain=0.0589405 0.0252314 0.0314272 0.0172118 0.0216982 0.0178526 0.0157505 0.02805 0.0239853 0.018006 0.0161804 0.0227238 0.0136916 0.0125404
threshold=1.0000000180025095e-35 0.35426085097184096 0.15601293029169264 0.023657613332191303 0.0060467883716895003 0.014120356277743001 0.031976576245684361 1.9837774599019142 2.7343033491727646 0.026380782917721505 0.0035124753884304004 -0.00023132975787874997 0.13580602639996767 0.045482268601675355
decision_type=2 2 2 2 2 2 2 2 2 2 2 2 2 2
left_child=-1 2 3 4 5 -2 9 -8 12 13 11 -10 -9 -4
right_child=1 -3 6 -5 -6 -7 7 8 10 -11 -12 -13 -14 -15
leaf_value=-9.8683017441386853e-05 6.8975910305448069e-05 -0.0012664294836929801 0.00039603916559583847 -0.00043386884733840269 0.00023902527890040551 -0.00026468983430842077 -0.00081326871460381278 0.00046959708241047339 -0.00044083065757363597 0.0014071749428694602 -0.00059998426345530262 0.0013214274006895723 0.0019178185802461072 0.0014378451215065981
leaf_weight=6616 3426 32 321 156 1824 453 59 34 33 63 57 39 32 31
leaf_count=6616 3426 32 321 156 1824 453 59 34 33 63 57 39 32 31
internal_value=6.61226e-06 0.000112805 0.000119759 8.26476e-05 9.685e-05 2.99514e-05 0.000444168 0.000133324 0.000422417 0.000633641 2.36136e-05 0.000518751 0.00118991 0.000491602
internal_weight=13176 6560 6528 5859 5703 3879 669 254 195 415 129 72 66 352
internal_count=13176 6560 6528 5859 5703 3879 669 254 195 415 129 72 66 352
is_linear=0
shrinkage=0.05


Tree=43
num_leaves=15
num_cat=0
split_feature=12 23 15 6 5 13 15 5 15 17 13 18 20 5
split_gain=0.039805 0.0211862 0.0194902 0.0224982 0.0251821 0.0178515 0.0151103 0.0294267 0.0144568 0.0199524 0.0164502 0.0122054 0.0125181 0.0116347
threshold=1.0000000180025095e-35 0.014647752912235502 0.0080188518984584522 0.042898249551004207 0.021045932913047804 0.10728859324915926 -0.0056936053346472995 0.023650785850000706 0.00026963360371195009 0.97750960060890824 0.023984160894801803 1.9598772572985392 1.3680629468344392 0.010693081605598601
decision_type=2 2 2 2 2 2 2 2 2 2 2 2 2 2
left_child=6 5 3 4 8 13 -1 -8 9 -3 -11 -10 -13 -2
right_child=1 2 -4 -5 -6 -7 7 -9 11 10 -12 12 -14 -15
leaf_value=0.00093139821029682125 3.847547022407871e-05 0.00039711696489143464 0.0014877929751362122 -0.00079276353556095912 0.0015848424091624719 -0.00081382757052779204 -8.8260068928845242e-05 -0.0015631155487533439 0.00076271910608977653 -8.742418458496104e-06 -0.0012525928555987777 -0.00030604265182493975 0.00048096447218439511 0.00029615768855254752
leaf_weight=35 5131 121 34 45 38 58 6570 33 178 63 45 77 143 478
leaf_count=35 5131 121 34 45 38 58 6570 33 178 63 45 77 143 478
internal_value=-4.49613e-06 8.43572e-05 0.000335031 0.000277814 0.00035134 5.13938e-05 -9.03107e-05 -9.58666e-05 0.000274178 -4.23066e-05 -0.00053375 0.000455926 0.000205374 6.04841e-05
internal_weight=13049 6411 744 710 665 5667 6638 6603 627 229 108 398 220 5609
internal_count=13049 6411 744 710 665 5667 6638 6603 627 229 108 398 220 5609
is_linear=0
shrinkage=0.05


Tree=44
num_leaves=15
num_cat=0
split_feature=14 21 0 6 19 12 6 15 26 19 20 4 25 19
split_gain=0.0345249 0.0276864 0.0487108 0.0168404 0.0230784 0.0209876 0.0174697 0.0159573 0.0188247 0.0163497 0.0135396 0.0165406 0.0164594 0.0158351
threshold=2.5000000000000004 0.35426085097184096 0.061430510652776556 0.039250176716752155 0.01953299708166745 0.055218270527019858 0.026643345980488453 0.0020653629170495503 0.05921846776629721 0.010891249158623351 3.6997548154486348 0.019440530801166301 -0.086291715102078184 0.011124162285606953
decision_type=2 2 2 2 2 2 2 2 2 2 2 2 2 2
left_child=10 2 3 4 7 -6 -7 -2 9 -9 11 12 -1 -14
right_child=1 -3 -4 -5 5 6 -8 8 -10 -11 -12 -13 13 -15
leaf_value=0.00062308208770922482 4.0743535340933705e-05 -0.0013422268894774951 0.0016275332160933199 -0.00067907209689122916 0.0018539047083873867 -0.00048237138867585197 0.00098337531089782711 0.00026507260819019004 -8.7040488500304884e-05 0.00086301745633677544 0.00092883838087524928 -0.00052326201225653122 -5.3181241884999028e-05 -0.00030176554624621477
leaf_weight=83 5355 33 50 72 32 35 46 388 241 162 32 209 5631 722
leaf_count=83 5355 33 50 72 32 35 46 388 241 162 32 209 5631 722
internal_value=-1.97187e-06 8.08686e-05 8.84374e-05 7.60271e-05 8.48204e-05 0.000789755 0.000351869 7.17331e-05 0.000281214 0.000442441 -8.15495e-05 -8.65542e-05 -7.22937e-05 -8.14752e-05
internal_weight=13091 6414 6381 6331 6259 113 81 6146 791 550 6677 6645 6436 6353
internal_count=13091 6414 6381 6331 6259 113 81 6146 791 550 6677 6645 6436 6353
is_linear=0
shrinkage=0.05


Tree=45
num_leaves=15
num_cat=0
split_feature=12 2 24 19 22 13 19 7 3 20 24 20 22 20
split_gain=0.0361187 0.0248982 0.0183157 0.0171803 0.0143913 0.0223396 0.0154506 0.0260307 0.0234473 0.0248251 0.016256 0.0160508 0.0154124 0.0124828
threshold=1.0000000180025095e-35 0.012035689388396952 0.011153035590439951 0.0059490852295531011 0.32593112493390114 0.13105509314996072 0.013336622531797751 0.016992883610993003 3.6878739124806725 1.4207728320599438 0.030816136333377604 1.2035680319680344 0.14769290477092478 1.6381657943758492
decision_type=2 2 2 2 2 2 2 2 2 2 2 2 2 2
left_child=-1 2 3 -2 5 6 10 11 9 -9 -3 -8 -10 -12
right_child=1 4 -4 -5 -6 -7 7 8 12 -11 13 -13 -14 -15
leaf_value=-8.1715965042856038e-05 1.1720347073917764e-05 0.00030177114179278844 -7.0846716979373379e-05 0.00025929776270558534 0.00094607087942820639 -0.00063181240128220195 0.0005246733994902791 0.00026067413377209699 6.1534203660602757e-05 -0.001314655519448794 -0.00037847622687662847 0.0015702553302073827 0.0014239584503229709 0.00060983910120856501
leaf_weight=6693 1620 622 2296 1234 75 69 73 69 38 38 177 76 45 38
leaf_count=6693 1620 622 2296 1234 75 69 73 69 38 38 177 76 45 38
internal_value=-2.88987e-07 8.39441e-05 3.42645e-05 0.00011882 0.000277597 0.000236601 0.000288047 0.000572391 0.000182605 -0.000305781 0.000172337 0.0010649 0.000808356 -0.000201783
internal_weight=13163 6470 5150 2854 1320 1245 1176 339 190 107 837 149 83 215
internal_count=13163 6470 5150 2854 1320 1245 1176 339 190 107 837 149 83 215
is_linear=0
shrinkage=0.05


Tree=46
num_leaves=15
num_cat=0
split_feature=23 12 19 20 5 0 1 0 19 12 19 5 18 20
split_gain=0.0454659 0.0380891 0.046763 0.0201196 0.0190981 0.015287 0.0138187 0.0139625 0.0161494 0.0135989 0.0162225 0.0133276 0.0128827 0.0124974
threshold=0.18133505388599253 1.0000000180025095e-35 0.030068919214066455 2.2934311617323249 0.0090505625997389007 0.022467761240190901 0.023469826454411005 0.014120356277743001 0.0041917973352372509 0.011789706100818901 0.0072050019794978508 0.0073332794329017013 1.9465555722748209 1.2785942563355503
decision_type=2 2 2 2 2 2 2 2 2 2 2 2 2 2
left_child=1 -1 3 4 5 6 7 8 -3 10 -10 -9 -13 -7
right_child=-2 2 -4 -5 -6 13 -8 11 9 -11 -12 12 -14 -15
leaf_value=-7.7844949710807659e-05 -0.0014340277176763101 -0.00011325841561653956 0.0015577527616793911 -0.00075103196506663358 0.00027847082036966343 -0.00074306930987616982 0.00034544365163430231 -0.00028719705366875097 0.00021115789928342931 7.1674313836677639e-05 0.00081371373002618944 -5.7569933534788931e-05 0.0007828005938790739 -1.0805065934717757e-05
leaf_weight=6624 54 828 53 71 1105 106 412 538 680 2222 133 172 61 128
leaf_count=6624 54 828 53 71 1105 106 412 538 680 2222 133 172 61 128
internal_value=5.50234e-07 6.55764e-06 9.24502e-05 8.01815e-05 8.95406e-05 4.9956e-05 6.8302e-05 4.35926e-05 8.23698e-05 0.00013576 0.00031061 -0.000150551 0.000164846 -0.000344265
internal_weight=13187 13133 6509 6456 6385 5280 5046 4634 3863 3035 813 771 233 234
internal_count=13187 13133 6509 6456 6385 5280 5046 4634 3863 3035 813 771 233 234
is_linear=0
shrinkage=0.05


Tree=47
num_leaves=15
num_cat=0
split_feature=12 22 6 5 13 16 1 2 7 6 5 22 15 0
split_gain=0.0291859 0.014741 0.0209566 0.0203778 0.01493 0.0436171 0.018773 0.0174258 0.0261793 0.0146263 0.0145713 0.0131025 0.0127059 0.012432
threshold=1.0000000180025095e-35 0.12894354322069468 0.012948391957582052 0.012747274149535802 0.13105509314996072 3.6449514807364665 0.070616120375207064 0.032946916218970806 0.023657613332191303 0.042898249551004207 0.021045932913047804 0.052516375340994854 0.00062599058396525006 0.023796542006089553
decision_type=2 2 2 2 2 2 2 2 2 2 2 2 2 2
left_child=-1 2 11 13 7 -6 -7 9 -9 10 -3 -2 -13 -4
right_child=1 4 3 -5 5 6 -8 8 -10 -11 -12 12 -14 -15
leaf_value=-7.355786090752268e-05 -5.3057844865257145e-05 0.00023986669195966018 -0.0001523832662996938 0.00068116842710878704 -0.0018679086526390166 -0.00056658641654340665 0.00099184415820572128 0.00027095985967876777 0.0020614445894299185 -0.00059558032610220835 0.0012297957121821432 5.1502958531875464e-05 0.00025028546842140778 -0.00063216800925779951
leaf_weight=6701 1311 832 511 59 31 33 44 52 33 49 38 1947 1369 183
leaf_count=6701 1311 832 511 59 31 33 44 52 33 49 38 1947 1369 183
internal_value=-3.64479e-07 7.51849e-05 4.09102e-05 -0.00020354 0.000240825 -0.000315633 0.000325244 0.000300937 0.000981977 0.000236948 0.000284467 8.07275e-05 0.00013362 -0.000279625
internal_weight=13193 6492 5380 753 1112 108 77 1004 85 919 870 4627 3316 694
internal_count=13193 6492 5380 753 1112 108 77 1004 85 919 870 4627 3316 694
is_linear=0
shrinkage=0.05


Tree=48
num_leaves=15
num_cat=0
split_feature=23 27 12 11 23 10 16 21 6 8 4 4 4 6
split_gain=0.0442694 0.0381391 0.0227591 0.0232754 0.0221611 0.0103554 0.0102865 0.0169383 0.0151307 0.0121933 0.0126599 0.0100877 0.0156217 0.0112352
threshold=0.18133505388599253 0.21063151091916352 -0.0082063704406518476 0.066650877794751512 0.055426028066063657 0.19791666666666666 1.3943965900855242 0.065008735471340021 0.013935165173978201 0.55326376499530483 0.023107007060058107 0.028979017303315906 0.023896908186895254 0.03197869599090896
decision_type=2 2 2 2 2 2 2 2 2 2 2 2 2 2
left_child=1 2 5 4 6 -1 7 -4 -9 -10 -11 12 13 -8
right_child=-2 -3 3 -5 -6 -7 11 8 9 10 -12 -13 -14 -15
leaf_value=-0.0001489231294062998 -0.0014327208246363121 0.0014884793741065403 6.1065919885243498e-05 -0.00093338133735676942 0.0012229681027791941 -1.5054889504840751e-05 2.181819682505575e-06 0.00050389540993944922 -0.0008055816036397341 -2.555568555908394e-05 0.00080828007776290178 -0.00068869472321508786 0.0010664837445159825 -0.0007004712764494892
leaf_weight=2683 53 42 3336 58 40 3129 2973 456 36 199 58 53 33 57
leaf_count=2683 53 42 3336 58 40 3129 2973 456 36 199 58 53 33 57
internal_value=-4.04037e-06 1.82497e-06 -3.05056e-06 5.57305e-05 6.3781e-05 -7.68676e-05 5.71731e-05 0.000109356 0.000324068 4.34383e-05 0.000165029 -1.12505e-05 6.92508e-07 -1.12631e-05
internal_weight=13206 13153 13111 7299 7241 5812 7201 4085 749 293 257 3116 3063 3030
internal_count=13206 13153 13111 7299 7241 5812 7201 4085 749 293 257 3116 3063 3030
is_linear=0
shrinkage=0.05


Tree=49
num_leaves=15
num_cat=0
split_feature=23 13 15 20 16 18 23 2 20 13 19 3 13 20
split_gain=0.0203096 0.0497638 0.0304334 0.0227091 0.0163909 0.0149221 0.0200681 0.0109721 0.0121198 0.0225841 0.0155476 0.0256383 0.00879011 0.0157905
threshold=0.034254860718882459 0.13105509314996072 0.0060711169263202511 3.6997548154486348 1.8651861922515911 4.2994903824851294 0.18133505388599253 0.019284737758087953 1.2526439033344936 0.071536834833355725 0.017161315064093751 4.3557676654856854 0.047842967782125455 1.1883061149718457
decision_type=2 2 2 2 2 2 2 2 2 2 2 2 2 2
left_child=2 3 7 5 -4 6 -2 12 9 -9 11 -10 -1 -14
right_child=1 -3 4 -5 -6 -7 -8 8 10 -11 -12 -13 13 -15
leaf_value=2.4589137242491424e-05 -0.00010278117306855534 -0.0019316190082856732 0.00015981829605035247 0.0012593627824718434 0.001695852603630296 0.00066207255946383592 -0.0013811685621828561 0.0002934922033207531 0.00078199832094332552 -0.00085841800001534559 0.0012853624508823958 -0.0006051765056326986 -0.00080062212888151415 -3.7468457779049051e-05
leaf_weight=8929 3247 36 30 30 41 62 30 187 92 54 53 51 89 275
leaf_count=8929 3247 36 30 30 41 62 30 187 92 54 53 51 89 275
internal_value=-2.6785e-06 -0.000107859 3.387e-05 -8.78038e-05 0.00105806 -0.000100281 -0.000114902 2.62885e-05 0.000270844 3.29072e-05 0.000561758 0.000286505 1.47605e-05 -0.000225746
internal_weight=13206 3405 9801 3369 71 3339 3277 9730 437 241 196 143 9293 364
internal_count=13206 3405 9801 3369 71 3339 3277 9730 437 241 196 143 9293 364
is_linear=0
shrinkage=0.05


Tree=50
num_leaves=15
num_cat=0
split_feature=0 12 19 7 21 5 3 0 19 0 7 16 19 7
split_gain=0.0339871 0.022624 0.0134877 0.0105712 0.0335389 0.0161501 0.0135827 0.0131536 0.0220853 0.0180747 0.0109931 0.0109612 0.0141795 0.00997865
threshold=0.078194481656268966 -0.0082063704406518476 0.021829289906927004 0.035982848797363257 0.18021757106346151 0.013245338863204502 1.6778892844908908 0.039413881679971362 0.014718034663994151 0.035224305002425009 0.024467920843329053 1.3943965900855242 0.0083959867115873024 0.0041976974535154008
decision_type=2 2 2 2 2 2 2 2 2 2 2 2 2 2
left_child=1 2 -1 4 7 -5 -7 8 11 10 -10 12 -3 -13
right_child=-2 3 -4 5 -6 6 -8 -9 9 -11 -12 13 -14 -15
leaf_value=-7.1791078870025546e-05 0.0012736597179005354 3.9289816355200293e-05 -0.00072966684142269098 0.00030193799478001894 0.0015219759709464435 -0.0015825155054751253 -0.00024190626951844192 -0.0005983218434266746 0.00044216289153500214 0.0014242596334106353 -0.00049862627703179091 8.4736685430590876e-05 0.00026008589802256485 -0.00010993108491362
leaf_weight=5723 51 2952 78 49 38 34 42 76 231 42 35 1061 964 1731
leaf_count=5723 51 2952 78 49 38 34 42 76 231 42 35 1061 964 1731
internal_value=-2.08136e-06 -7.16189e-06 -8.07611e-05 5.16901e-05 5.9705e-05 -0.000402326 -0.000854416 5.16564e-05 5.87815e-05 0.000472085 0.000316971 3.9737e-05 9.36956e-05 -3.59507e-05
internal_weight=13107 13056 5801 7255 7130 125 76 7092 7016 308 266 6708 3916 2792
internal_count=13107 13056 5801 7255 7130 125 76 7092 7016 308 266 6708 3916 2792
is_linear=0
shrinkage=0.05


Tree=51
num_leaves=15
num_cat=0
split_feature=14 19 22 20 2 11 13 20 18 19 20 26 15 19
split_gain=0.0267272 0.0262253 0.0289673 0.0563211 0.0148622 0.0173978 0.0129948 0.0116073 0.0127452 0.0115956 0.0173078 0.0169038 0.0121226 0.0116073
threshold=2.5000000000000004 0.023677020133078205 0.37736625141466468 1.7505131284078692 0.012035689388396952 0.029973396354454753 0.13105509314996072 1.2595098336223096 2.6681664057170695 0.014718034663994151 1.1181613393496443 0.033063318280483305 0.004032219288409751 0.0075422893205558507
decision_type=2 2 2 2 2 2 2 2 2 2 2 2 2 2
left_child=-1 4 3 -3 5 -2 9 -7 -9 11 12 13 -11 -6
right_child=1 2 -4 -5 6 7 -8 8 -10 10 -12 -13 -14 -15
leaf_value=-6.0818592567345459e-05 4.6695568530245376e-05 3.2313599637368833e-06 -0.00028891054595389019 0.0026248609763570132 0.0001459232213785649 -0.0010826420961475036 -0.00061320184005631342 0.0004532564262998231 -0.0006087898530610583 0.0018693496260259832 0.00027481674369900949 1.3866017837861511e-05 0.00059477808377282192 0.00072365752332742615
leaf_weight=6732 4932 40 40 41 166 52 44 46 70 34 173 608 43 183
leaf_count=6732 4932 40 40 41 166 52 44 46 70 34 173 608 43 183
internal_value=8.92662e-06 8.14719e-05 0.000807634 0.00134606 6.7512e-05 2.96115e-05 0.000221875 -0.000469237 -0.000187359 0.0002528 0.000555441 0.000173243 0.00117433 0.000450063
internal_weight=13204 6472 121 81 6351 5100 1251 168 116 1207 250 957 77 349
internal_count=13204 6472 121 81 6351 5100 1251 168 116 1207 250 957 77 349
is_linear=0
shrinkage=0.05


Tree=52
num_leaves=15
num_cat=0
split_feature=2 14 11 13 21 21 19 25 19 5 26 10 19 16
split_gain=0.0545647 0.0183984 0.0160598 0.0487508 0.0321792 0.0181658 0.0249585 0.0132279 0.0235521 0.0154461 0.0201611 0.0142267 0.0109148 0.0142695
threshold=0.056986963438555006 2.5000000000000004 0.095444139618673554 0.13105509314996072 0.19580205680067211 0.16634263285897632 0.020394947870153956 0.030675457221444751 0.0067525689188656507 0.0062583684152626509 0.041072135181751304 0.38541666666666669 0.010722860221717251 1.847843879494427
decision_type=2 2 2 2 2 2 2 2 2 2 2 2 2 2
left_child=1 12 3 4 5 6 7 8 -3 -9 -11 -12 -1 -14
right_child=-2 2 -4 -5 -6 -7 -8 9 -10 10 11 -13 13 -15
leaf_value=-3.2764172051835351e-05 0.001604538252313604 1.4644325554454282e-05 0.0011104932106617425 -0.0017582817179327076 0.0013796211696108398 -0.0010523474772108367 0.0012321646014849346 -0.00021651395728903875 0.00026498942205389713 0.00044069036135350445 -8.2248467461531455e-05 0.00091697283708993844 -0.00033687244456143681 4.1459996253859944e-05
leaf_weight=5588 52 2679 35 36 45 36 44 847 1446 271 957 36 715 382
leaf_count=5588 52 2679 35 36 45 36 44 847 1446 271 957 36 715 382
internal_value=3.46081e-06 -3.0082e-06 5.73572e-05 5.14225e-05 6.19393e-05 5.23342e-05 5.88333e-05 5.03582e-05 0.000102445 -5.14214e-05 5.92899e-05 -4.51369e-05 -6.10889e-05 -0.000205211
internal_weight=13169 13117 6432 6397 6361 6316 6280 6236 4125 2111 1264 993 6685 1097
internal_count=13169 13117 6432 6397 6361 6316 6280 6236 4125 2111 1264 993 6685 1097
is_linear=0
shrinkage=0.05


Tree=53
num_leaves=15
num_cat=0
split_feature=6 2 18 13 13 5 12 7 12 2 13 6 0 5
split_gain=0.019873 0.0530316 0.02379 0.0204939 0.0174348 0.0182816 0.0129871 0.0126013 0.0151469 0.0113529 0.0122327 0.0155966 0.0116899 0.0109208
threshold=0.049190342046820955 0.045361819685014161 2.9781566836297269 0.13105509314996072 0.07807814809070622 0.015343750941544302 -0.0082063704406518476 0.029572408122034353 0.064680255860243105 0.018232693256666405 0.047842967782125455 0.020106237762008452 0.018031926515715453 0.0074482433269750003
decision_type=2 2 2 2 2 2 2 2 2 2 2 2 2 2
left_child=3 2 -2 4 6 7 -1 8 -6 10 13 12 -12 -8
right_child=1 -3 -4 -5 5 -7 9 -9 -10 -11 11 -13 -14 -15
leaf_value=-6.1797635862584298e-05 0.00075282702455297117 0.0021171808360668366 -0.0011759089495171793 -0.00098430945401800423 -0.00025554247524427334 0.0013316694032797156 9.1527109832938808e-06 -0.00065076595637947321 0.00092585931823992032 0.00032181450755439789 -0.0006442892967778094 -0.00073437624787556612 0.00024336046468199452 0.00017920910454757405
leaf_weight=5760 31 39 31 52 45 46 5211 33 66 338 50 117 135 1152
leaf_count=5760 31 39 31 52 45 46 5211 33 66 338 50 117 135 1152
internal_value=2.34326e-06 0.000697535 -0.000214899 -3.10899e-06 9.05734e-07 0.000475079 -6.18984e-06 0.000194149 0.000448907 3.95501e-05 2.51896e-05 -0.000285208 1.28102e-06 3.99642e-05
internal_weight=13106 101 62 13005 12953 190 12763 144 111 7003 6665 302 185 6363
internal_count=13106 101 62 13005 12953 190 12763 144 111 7003 6665 302 185 6363
is_linear=0
shrinkage=0.05


Tree=54
num_leaves=15
num_cat=0
split_feature=12 19 27 27 19 15 27 22 26 15 13 25 19 4
split_gain=0.014747 0.0141745 0.0285336 0.0160639 0.0156981 0.0128021 0.0183321 0.0222093 0.0227978 0.0171894 0.0125686 0.0118409 0.016824 0.0112394
threshold=-0.007640615465521799 0.039900108994189561 0.21063151091916352 0.13094697627657501 0.013336622531797751 6.6121440622568542e-05 0.051360405458185404 0.15601293029169264 0.11545104659568857 -0.00031639119272124994 0.020564438005900205 0.035140945753986109 0.0071708260970831514 0.015471779174462753
decision_type=2 2 2 2 2 2 2 2 2 2 2 2 2 2
left_child=-1 2 3 4 11 9 -7 -8 13 10 -6 12 -2 -9
right_child=1 -3 -4 -5 5 6 7 8 -10 -11 -12 -13 -14 -15
leaf_value=-5.7200463942082486e-05 1.0026915322572308e-05 -0.0010007849472458475 0.0014989661874578279 -0.00061306614137080677 -0.00027621155158195595 0.00088660161975722502 -0.00029126229018438605 0.0004776825288646534 -0.00047448061263453013 -0.0010157560152505097 0.00064900655101204441 -0.00010285569188785613 0.00021174562155661108 0.0014840497695398948
leaf_weight=5960 3683 31 33 90 72 152 124 60 36 36 73 1289 1436 53
leaf_count=5960 3683 31 33 90 72 152 124 60 36 36 73 1289 1436 53
internal_value=9.10685e-07 4.92298e-05 5.39302e-05 4.70075e-05 5.55635e-05 0.00029859 0.000448272 0.000201875 0.000611477 -5.34062e-05 0.000190843 3.25376e-05 6.66441e-05 0.000958573
internal_weight=13128 7168 7137 7104 7014 606 425 273 149 181 145 6408 5119 113
internal_count=13128 7168 7137 7104 7014 606 425 273 149 181 145 6408 5119 113
is_linear=0
shrinkage=0.05


Tree=55
num_leaves=15
num_cat=0
split_feature=15 23 11 20 3 21 6 17 20 6 13 15 6 25
split_gain=0.0153783 0.0124351 0.0108556 0.0189279 0.0247532 0.0163184 0.0209132 0.0112155 0.00851956 0.0152935 0.0128673 0.0078067 0.0098867 0.0124502
threshold=0.0033228725388532504 0.020282099027551456 0.020721864918134703 1.3257066292682294 3.2508454793106294 0.14098440344555838 0.018788658160026856 5.2436115759784414 3.0614647751355766 0.036261586473595404 -0.11237710988482939 -0.0028298043150365494 0.013197952840867002 0.057248362984180505
decision_type=2 2 2 2 2 2 2 2 2 2 2 2 2 2
left_child=1 11 -2 5 -5 6 -4 -6 10 -10 -3 -1 13 -13
right_child=2 8 3 4 7 -7 -8 -9 9 -11 -12 12 -14 -15
leaf_value=0.00045787780887349919 0.00057689893016542651 -0.0010884312822693777 -0.00075536158912610724 0.0016939526991336608 -0.00042349376749189105 -0.0012778353308224015 0.00089615837269876571 0.00075361405170577421 -0.00013601067462041874 0.0012719723134950707 -6.6882828300526611e-05 3.9738380942218069e-05 -0.00013268515281568657 0.00055632629635266398
leaf_weight=106 189 30 40 31 49 35 35 33 46 32 5636 5891 844 118
leaf_count=106 189 30 40 31 49 35 35 33 46 32 5636 5891 844 118
internal_value=-1.0984e-06 -1.08597e-05 0.000299165 6.22521e-05 0.000514515 -0.000402795 1.69984e-05 5.35926e-05 -6.5305e-05 0.000450412 -7.24828e-05 3.40827e-05 2.74617e-05 4.99736e-05
internal_weight=13115 12703 412 223 113 110 75 82 5744 78 5666 6959 6853 6009
internal_count=13115 12703 412 223 113 110 75 82 5744 78 5666 6959 6853 6009
is_linear=0
shrinkage=0.05


Tree=56
num_leaves=15
num_cat=0
split_feature=20 22 22 24 22 11 2 24 1 25 13 27 15 15
split_gain=0.0254303 0.0410816 0.0194498 0.0129239 0.0256743 0.0106455 0.01153 0.019406 0.0153821 0.0113131 0.0131285 0.0144538 0.0132791 0.00874862
threshold=1.873744178918771 0.32593112493390114 0.49048014200782636 0.10819630009035362 0.22035001630951204 -0.013412864750718947 0.039144227821376706 0.074679131847291205 0.041826729955540105 0.11179702975319762 0.071536834833355725 0.08096681623039266 0.0026315859183517003 0.00011782482160370001
decision_type=2 2 2 2 2 2 2 2 2 2 2 2 2 2
left_child=2 3 5 4 13 -1 7 9 -9 10 12 -12 -7 -2
right_child=1 -3 -4 -5 -6 6 -8 8 -10 -11 11 -13 -14 -15
leaf_value=-8.1755793041091908e-05 -7.5428530782863337e-05 0.0017504642899594013 -0.0012136937327929499 -0.00071300954506215125 0.0013038754144701053 7.9539451465054782e-06 0.0007067332494383057 0.00011904427421189125 -0.0013148441401129704 0.00078394364245468759 -2.0430815518544668e-05 -0.0012195137898541161 0.00032989503842347005 0.00041706056181520983
leaf_weight=4148 219 46 33 35 52 7810 59 30 48 47 57 44 333 152
leaf_count=4148 219 46 33 35 52 7810 59 30 48 47 57 44 333 152
internal_value=-5.49025e-06 0.000342425 -1.9423e-05 0.000197501 0.000274343 -1.61929e-05 1.6081e-05 1.11281e-05 -0.000768823 1.85576e-05 1.40995e-05 -0.000549638 2.11583e-05 0.000126925
internal_weight=13113 504 12609 458 423 12576 8428 8369 78 8291 8244 101 8143 371
internal_count=13113 504 12609 458 423 12576 8428 8369 78 8291 8244 101 8143 371
is_linear=0
shrinkage=0.05


Tree=57
num_leaves=15
num_cat=0
split_feature=6 11 23 19 5 6 2 20 27 6 6 8 7 5
split_gain=0.0296209 0.0139126 0.033822 0.0193383 0.010511 0.012537 0.0148551 0.0150537 0.0134144 0.0115571 0.011477 0.0112239 0.00959509 0.0105979
threshold=0.064088715708663105 -0.010491464462793698 0.067262629542441069 0.026035962651559753 0.0098604444661146515 0.021210687554967401 0.012590835237024652 1.2558293346627341 0.06109448867060515 0.012948391957582052 0.0086419905412755006 0.74835584385658838 0.03333155322218171 0.013245338863204502
decision_type=2 2 2 2 2 2 2 2 2 2 2 2 2 2
left_child=1 3 4 -1 5 6 10 9 -9 -8 -3 -7 -6 -14
right_child=-2 2 -4 -5 12 11 7 8 -10 -11 -12 -13 13 -15
leaf_value=-5.9152207056278541e-05 0.0012395958379177805 3.082132517186881e-05 0.0016855616047377548 -0.0011002210324578402 0.00025443651343630338 0.00038167419186673868 0.00022162184308086505 0.0004056202013326465 0.0014662843359272101 -0.00033924410684553328 -0.00013966943590614205 -0.00056674951507375228 0.00049838720893603751 -0.00046255536542637001
leaf_weight=5157 47 4721 30 44 799 38 371 183 35 121 1247 159 39 101
leaf_count=5157 47 4721 30 44 799 38 371 183 35 121 1247 159 39 101
internal_value=-2.02235e-07 -4.76379e-06 3.72809e-05 -6.81694e-05 3.07378e-05 9.29495e-06 2.09173e-05 0.000236956 0.000581828 8.3277e-05 -4.81976e-06 -0.000382801 0.000187558 -0.000193228
internal_weight=13092 13045 7844 5201 7814 6875 6678 710 218 492 5968 197 939 140
internal_count=13092 13045 7844 5201 7814 6875 6678 710 218 492 5968 197 939 140
is_linear=0
shrinkage=0.05


Tree=58
num_leaves=15
num_cat=0
split_feature=23 27 15 6 15 13 11 4 26 5 7 2 10 15
split_gain=0.0222324 0.0578029 0.0129556 0.00953288 0.00949239 0.00909989 0.0163693 0.0169119 0.0092486 0.0198875 0.013767 0.0122454 0.0121212 0.0121124
threshold=0.18133505388599253 0.21063151091916352 0.0060711169263202511 0.021666034502234453 -0.00016206584527879997 0.10728859324915926 0.042258226209906803 0.011770787341398253 0.05921846776629721 0.011969094146827451 0.017737754290690352 0.014572901435633853 0.21874999999999997 0.00080381620915020004
decision_type=2 2 2 2 2 2 2 2 2 2 2 2 2 2
left_child=1 2 4 -4 -1 6 8 -8 11 10 -10 -6 -12 -11
right_child=-2 -3 3 -5 5 -7 7 -9 9 13 12 -13 -14 -15
leaf_value=-4.2126879371811693e-05 -0.00099687775457410195 0.0018406931018500135 -2.2108751881839425e-05 0.0010960619876834942 3.4774964803836354e-05 -0.00056461287570781392 9.1383130056783555e-05 0.0016318340997465632 -0.0001214336593454676 0.00094205829650596817 -0.0011688262847755319 0.0002890075670573403 -2.9773774528593731e-05 -9.0624361626779359e-06
leaf_weight=6503 54 42 32 46 5425 60 39 32 133 42 86 518 32 151
leaf_count=6503 54 42 32 46 5425 60 39 32 133 42 86 518 32 151
internal_value=6.29361e-06 1.04915e-05 4.48312e-06 0.000642852 6.10015e-07 4.32485e-05 4.89825e-05 0.000798692 4.05248e-05 -0.000179352 -0.000471994 5.69791e-05 -0.000862777 0.000201706
internal_weight=13195 13141 13099 78 13021 6518 6458 71 6387 444 251 5943 118 193
internal_count=13195 13141 13099 78 13021 6518 6458 71 6387 444 251 5943 118 193
is_linear=0
shrinkage=0.05


Tree=59
num_leaves=15
num_cat=0
split_feature=11 2 6 15 20 27 6 15 19 26 19 27 19 19
split_gain=0.0144964 0.0118169 0.0291277 0.0214286 0.00898454 0.0174958 0.0112112 0.013056 0.0118204 0.0165742 0.010845 0.00779751 0.00852602 0.00759048
threshold=0.095444139618673554 0.056986963438555006 0.042898249551004207 0.00017026581059535002 1.9120766952572135 0.10684377394589746 0.012778588512635752 0.00067587889932235019 0.0070692660128449511 -0.0040400653701006496 0.016163926376256302 0.046482861709637807 0.012281711345868102 0.015242284383271703
decision_type=2 2 2 2 2 2 2 2 2 2 2 2 2 2
left_child=1 2 4 -4 6 -6 7 10 -9 -10 11 12 -1 -11
right_child=-2 -3 3 -5 5 -7 -8 8 9 13 -12 -13 -14 -15
leaf_value=-1.5083567901994446e-05 0.00078450585233754127 0.00092320881787386229 -0.00024850318225198576 -0.001716093514724413 0.0001294216734793228 0.0013191342470236123 -0.00011401575569440703 7.6099292262943208e-06 -0.00010425194385759798 0.00030212531205774324 -0.00078537739489389501 0.00030017682580955093 -0.00036234491342647797 0.00095754485091868236
leaf_weight=7545 57 33 62 41 343 33 2169 1262 280 815 45 190 180 46
leaf_count=7545 57 33 62 41 343 33 2169 1262 280 815 45 190 180 46
internal_value=-4.21516e-06 -7.7216e-06 -1.01535e-05 -0.000843573 -3.43836e-06 0.00023706 -1.06724e-05 1.09665e-05 0.000113085 0.000229636 -1.98717e-05 -1.54208e-05 -2.32209e-05 0.000338212
internal_weight=13101 13044 13011 103 12908 376 12532 10363 2403 1141 7960 7915 7725 861
internal_count=13101 13044 13011 103 12908 376 12532 10363 2403 1141 7960 7915 7725 861
is_linear=0
shrinkage=0.05


Tree=60
num_leaves=15
num_cat=0
split_feature=27 26 22 27 26 13 22 12 11 5 5 6 22 7
split_gain=0.00860208 0.0124682 0.0279175 0.0128748 0.0168688 0.0158615 0.0132453 0.0078246 0.00756435 0.0138127 0.0130134 0.0146084 0.0192292 0.00897355
threshold=0.21063151091916352 0.13234326346651118 0.26245079025503298 0.11793504015010713 0.10534815475195487 0.093955797224494611 0.18755555680789268 0.12586127274912848 -0.0094869529156947994 0.023650785850000706 0.010693081605598601 0.021210687554967401 0.17081671679938118 0.019047871572165604
decision_type=2 2 2 2 2 2 2 2 2 2 2 2 2 2
left_child=1 3 7 4 5 8 -5 -3 9 -1 11 -10 13 -13
right_child=-2 2 -4 6 -6 -7 -8 -9 10 -11 -12 12 -14 -15
leaf_value=-4.4758982823248683e-05 0.00062488538247567639 -0.00047322458062931346 -0.0017279677882256425 -8.3110005961674631e-05 -0.00086510290530624617 0.00090416730769599476 0.0012869713932442935 0.00058578484846899916 1.9086028458362562e-05 -0.001041291311191474 0.00025531321556989414 -0.00010024468356277794 0.00066974629726246349 -0.00095421583756258852
leaf_weight=5414 53 36 33 32 56 47 38 32 6670 34 572 45 31 98
leaf_count=5414 53 36 33 32 56 47 38 32 6670 34 572 45 31 98
internal_value=-4.88869e-06 -7.47662e-06 -0.000558131 -3.16813e-06 -6.84418e-06 -3.05487e-06 0.000668299 2.63999e-05 -6.43952e-06 -5.11681e-05 2.64218e-05 7.25729e-06 -0.000443696 -0.000688046
internal_weight=13191 13138 101 13037 12967 12911 70 68 12864 5448 7416 6844 174 143
internal_count=13191 13138 101 13037 12967 12911 70 68 12864 5448 7416 6844 174 143
is_linear=0
shrinkage=0.05


end of trees

feature_importances:
atr_pct=135
spread_mean24=70
atr_pct_ratio96=52
spread_chg8=51
drawdown24=46
close_vs_ema55=42
vol_ratio_mean8=38
pre_range168=37
slow_slope_12=33
pre_range48=31
fast_slow_gap=28
ext_up=25
close_vs_ema200=25
order_score=24
ret_24=24
spread_chg24=23
volume_ratio=20
ret_12=19
ret_48=18
ma_spread_pct=16
full_spread=16
dense_frac48=16
full_ratio_min48=15
spread_pos96=15
ret_4=15
spread_mean8=11
volume_z=9

parameters:
[boosting: gbdt]
[objective: regression]
[metric: l2]
[tree_learner: serial]
[device_type: cpu]
[data_sample_strategy: bagging]
[data: ]
[valid: ]
[num_iterations: 600]
[learning_rate: 0.05]
[num_leaves: 15]
[num_threads: 0]
[seed: 42]
[deterministic: 0]
[force_col_wise: 0]
[force_row_wise: 0]
[histogram_pool_size: -1]
[max_depth: -1]
[min_data_in_leaf: 30]
[min_sum_hessian_in_leaf: 0.001]
[bagging_fraction: 0.8]
[pos_bagging_fraction: 1]
[neg_bagging_fraction: 1]
[bagging_freq: 1]
[bagging_seed: 400]
[bagging_by_query: 0]
[feature_fraction: 0.8]
[feature_fraction_bynode: 1]
[feature_fraction_seed: 30056]
[extra_trees: 0]
[extra_seed: 12879]
[early_stopping_round: 0]
[early_stopping_min_delta: 0]
[first_metric_only: 0]
[max_delta_step: 0]
[lambda_l1: 0]
[lambda_l2: 1]
[linear_lambda: 0]
[min_gain_to_split: 0]
[drop_rate: 0.1]
[max_drop: 50]
[skip_drop: 0.5]
[xgboost_dart_mode: 0]
[uniform_drop: 0]
[drop_seed: 17869]
[top_rate: 0.2]
[other_rate: 0.1]
[min_data_per_group: 100]
[max_cat_threshold: 32]
[cat_l2: 10]
[cat_smooth: 10]
[max_cat_to_onehot: 4]
[top_k: 20]
[monotone_constraints: ]
[monotone_constraints_method: basic]
[monotone_penalty: 0]
[feature_contri: ]
[forcedsplits_filename: ]
[refit_decay_rate: 0.9]
[cegb_tradeoff: 1]
[cegb_penalty_split: 0]
[cegb_penalty_feature_lazy: ]
[cegb_penalty_feature_coupled: ]
[path_smooth: 0]
[interaction_constraints: ]
[verbosity: -1]
[saved_feature_importance_type: 0]
[use_quantized_grad: 0]
[num_grad_quant_bins: 4]
[quant_train_renew_leaf: 0]
[stochastic_rounding: 1]
[linear_tree: 0]
[max_bin: 255]
[max_bin_by_feature: ]
[min_data_in_bin: 3]
[bin_construct_sample_cnt: 200000]
[data_random_seed: 175]
[is_enable_sparse: 1]
[enable_bundle: 1]
[use_missing: 1]
[zero_as_missing: 0]
[feature_pre_filter: 1]
[pre_partition: 0]
[two_round: 0]
[header: 0]
[label_column: ]
[weight_column: ]
[group_column: ]
[ignore_column: ]
[categorical_feature: ]
[forcedbins_filename: ]
[precise_float_parser: 0]
[parser_config_file: ]
[objective_seed: 16083]
[num_class: 1]
[is_unbalance: 0]
[scale_pos_weight: 1]
[sigmoid: 1]
[boost_from_average: 1]
[reg_sqrt: 0]
[alpha: 0.9]
[fair_c: 1]
[poisson_max_delta_step: 0.7]
[tweedie_variance_power: 1.5]
[lambdarank_truncation_level: 30]
[lambdarank_norm: 1]
[label_gain: ]
[lambdarank_position_bias_regularization: 0]
[eval_at: ]
[multi_error_top_k: 1]
[auc_mu_weights: ]
[num_machines: 1]
[local_listen_port: 12400]
[time_out: 120]
[machine_list_filename: ]
[machines: ]
[gpu_platform_id: -1]
[gpu_device_id: -1]
[gpu_use_dp: 0]
[num_gpu: 1]

end of parameters

pandas_categorical:[]
